7 0.62326953125 0.36792317708333333 0.7411263020833332 0.36792317708333333 0.7411263020833332 0.28830078124999997 0.62326953125 0.28830078124999997 0.62326953125 0.36792317708333333
6 0.7456653645833333 0.38764453125 0.9280898437499999 0.38764453125 0.9280898437499999 0.2744127604166667 0.7456653645833333 0.2744127604166667 0.7456653645833333 0.38764453125
6 0.43316406249999995 0.6661028645833333 0.5865026041666667 0.6661028645833333 0.5865026041666667 0.5504544270833333 0.43316406249999995 0.5504544270833333 0.43316406249999995 0.6661028645833333
6 0.48237109375 0.47232812499999993 0.6316184895833332 0.47232812499999993 0.6316184895833332 0.3103385416666667 0.48237109375 0.3103385416666667 0.48237109375 0.47232812499999993
6 0.27691406250000006 0.3647682291666666 0.43188281249999994 0.3647682291666666 0.43188281249999994 0.2310078125 0.27691406250000006 0.2310078125 0.27691406250000006 0.3647682291666666
6 0.18837239583333337 0.6582135416666667 0.36640364583333335 0.6582135416666667 0.36640364583333335 0.5139947916666667 0.18837239583333337 0.5139947916666667 0.18837239583333337 0.6582135416666667
6 0.21007421874999999 0.5043919270833334 0.4208372395833333 0.5043919270833334 0.4208372395833333 0.37983203125 0.21007421874999999 0.37983203125 0.21007421874999999 0.5043919270833334
7 0.6050403645833333 0.5951067708333333 0.72771484375 0.5951067708333333 0.72771484375 0.5001067708333332 0.6050403645833333 0.5001067708333332 0.6050403645833333 0.5951067708333333
7 0.13455468750000002 0.4949257812499999 0.2236171875 0.4949257812499999 0.2236171875 0.3994127604166667 0.13455468750000002 0.3994127604166667 0.13455468750000002 0.4949257812499999
7 0.43055989583333326 0.5564557291666666 0.5202369791666667 0.5564557291666666 0.5202369791666667 0.45062760416666664 0.43055989583333326 0.45062760416666664 0.43055989583333326 0.5564557291666666
7 0.12895182291666668 0.691078125 0.23958984375 0.691078125 0.23958984375 0.5998385416666666 0.12895182291666668 0.5998385416666666 0.12895182291666668 0.691078125