7 0.4739622395833333 0.6613671875 0.5723033854166666 0.6613671875 0.5723033854166666 0.5330911458333333 0.4739622395833333 0.5330911458333333 0.4739622395833333 0.6613671875
7 0.7899348958333334 0.7623372395833333 0.8847005208333332 0.7623372395833333 0.8847005208333332 0.64073046875 0.7899348958333334 0.64073046875 0.7899348958333334 0.7623372395833333
7 0.31907161458333333 0.6442044270833333 0.4158033854166666 0.6442044270833333 0.4158033854166666 0.5556653645833334 0.31907161458333333 0.5556653645833334 0.31907161458333333 0.6442044270833333
7 0.0000013020833333321491 0.5832734374999999 0.08161848958333333 0.5832734374999999 0.08161848958333333 0.5096536458333334 0.0000013020833333321491 0.5096536458333334 0.0000013020833333321491 0.5832734374999999
7 0.28733203124999995 0.7520833333333333 0.41294921874999996 0.7520833333333333 0.41294921874999996 0.675453125 0.28733203124999995 0.675453125 0.28733203124999995 0.7520833333333333
7 0.0000013020833333321491 0.6641692708333332 0.07379036458333334 0.6641692708333332 0.07379036458333334 0.5848515624999999 0.0000013020833333321491 0.5848515624999999 0.0000013020833333321491 0.6641692708333332
6 0.4991380208333333 0.533578125 0.5928151041666667 0.533578125 0.5928151041666667 0.3343072916666666 0.4991380208333333 0.3343072916666666 0.4991380208333333 0.533578125
6 0.6267421875 0.6889778645833333 0.7742578124999999 0.6889778645833333 0.7742578124999999 0.4870846354166666 0.6267421875 0.4870846354166666 0.6267421875 0.6889778645833333
6 0.4539986979166667 0.7418294270833333 0.6156940104166666 0.7418294270833333 0.6156940104166666 0.5747591145833333 0.4539986979166667 0.5747591145833333 0.4539986979166667 0.7418294270833333
8 0.6276093749999999 0.7489283854166666 0.7529583333333333 0.7489283854166666 0.7529583333333333 0.6442018229166666 0.6276093749999999 0.6442018229166666 0.6276093749999999 0.7489283854166666
6 0.09115104166666668 0.5532981770833333 0.29698437499999997 0.5532981770833333 0.29698437499999997 0.43146744791666664 0.09115104166666668 0.43146744791666664 0.09115104166666668 0.5532981770833333
8 0.3012213541666666 0.4681067708333333 0.4216276041666666 0.4681067708333333 0.4216276041666666 0.40375260416666664 0.3012213541666666 0.40375260416666664 0.3012213541666666 0.4681067708333333
7 0.08420703124999998 0.67872265625 0.2922513020833333 0.67872265625 0.2922513020833333 0.5791002604166666 0.08420703124999998 0.5791002604166666 0.08420703124999998 0.67872265625
5 0.3081653645833333 0.67398828125 0.40979296875 0.67398828125 0.40979296875 0.60948046875 0.3081653645833333 0.60948046875 0.3081653645833333 0.67398828125
8 0.35330338541666667 0.5327890625 0.47684765625000003 0.5327890625 0.47684765625000003 0.43564322916666665 0.35330338541666667 0.43564322916666665 0.35330338541666667 0.5327890625