4 0.3151080729166667 0.5809075520833333 0.22677213541666666 0.5809075520833333 0.22677213541666666 0.6785247395833333 0.3151080729166667 0.6785247395833333 0.3151080729166667 0.5809075520833333
4 0.6267408854166666 0.5706536458333333 0.5052486979166667 0.5706536458333333 0.5052486979166667 0.6980234375 0.6267408854166666 0.6980234375 0.6267408854166666 0.5706536458333333
4 0.7491354166666667 0.45863802083333327 0.6448802083333334 0.45863802083333327 0.6448802083333334 0.5513203124999999 0.7491354166666667 0.5513203124999999 0.7491354166666667 0.45863802083333327
4 0.8437552083333333 0.41762109374999995 0.7292916666666667 0.41762109374999995 0.7292916666666667 0.51486328125 0.8437552083333333 0.51486328125 0.8437552083333333 0.41762109374999995
4 1 0.3568802083333333 1 0.245765625 0.9010468750000001 0.245765625 0.9010468750000001 0.3568802083333333 1 0.3568802083333333
4 0.2934075520833333 0.78125 0.40032682291666666 0.78125 0.40032682291666666 0.7275364583333332 0.2934075520833333 0.7275364583333332 0.2934075520833333 0.78125
3 0.2173059895833333 0.4245859375 0.08247005208333334 0.4245859375 0.08247005208333334 0.6574244791666667 0.2173059895833333 0.6574244791666667 0.2173059895833333 0.4245859375
3 0.4689596354166666 0.4705924479166666 0.3472278645833333 0.4705924479166666 0.3472278645833333 0.7157981770833333 0.4689596354166666 0.7157981770833333 0.4689596354166666 0.4705924479166666
3 0.6970533854166666 0.78125 0.8460455729166666 0.78125 0.8460455729166666 0.5669466145833333 0.6970533854166666 0.5669466145833333 0.6970533854166666 0.78125
3 0.7963463541666667 0.2622578125 0.5700703125000001 0.2622578125 0.5700703125000001 0.39947656249999997 0.7963463541666667 0.39947656249999997 0.7963463541666667 0.2622578125
3 0.89022265625 0.2214596354166667 0.7022617187500001 0.2214596354166667 0.7022617187500001 0.3426809895833333 0.89022265625 0.3426809895833333 0.89022265625 0.2214596354166667
3 0.6677578125 0.29871614583333334 0.45920572916666663 0.29871614583333334 0.45920572916666663 0.43102864583333333 0.6677578125 0.43102864583333333 0.6677578125 0.29871614583333334
3 0.45476041666666667 0.2561822916666667 0.34115104166666665 0.2561822916666667 0.34115104166666665 0.4333958333333333 0.45476041666666667 0.4333958333333333 0.45476041666666667 0.2561822916666667
3 0.3514153645833334 0.24837109374999997 0.23264192708333337 0.24837109374999997 0.23264192708333337 0.3702903645833333 0.3514153645833334 0.3702903645833333 0.3514153645833334 0.24837109374999997
3 0.59983203125 0.4089427083333333 0.44529296875 0.4089427083333333 0.44529296875 0.550453125 0.59983203125 0.550453125 0.59983203125 0.4089427083333333
5 0 0.3056067708333333 0 0.41156510416666664 0.09115104166666665 0.41156510416666664 0.09115104166666665 0.3056067708333333 0 0.3056067708333333
5 0.47605859375000004 0.37597265625 0.4192747395833333 0.37597265625 0.4192747395833333 0.5359440104166666 0.47605859375000004 0.5359440104166666 0.47605859375000004 0.37597265625
5 0.5486367187500001 0.23187630208333335 0.4270872395833333 0.23187630208333335 0.4270872395833333 0.3426809895833333 0.5486367187500001 0.3426809895833333 0.5486367187500001 0.23187630208333335
5 0.7986158854166666 0.46416145833333333 0.6819570312499998 0.46416145833333333 0.6819570312499998 0.5955937499999999 0.7986158854166666 0.5955937499999999 0.7986158854166666 0.46416145833333333