4 0.31076953124999995 0.55014453125 0.20783984374999998 0.55014453125 0.20783984374999998 0.6754544270833334 0.31076953124999995 0.6754544270833334 0.31076953124999995 0.55014453125
3 0.20547395833333332 0.45149479166666673 0.10938020833333333 0.45149479166666673 0.10938020833333333 0.6582135416666667 0.20547395833333332 0.6582135416666667 0.20547395833333332 0.45149479166666673
5 0.10686328125 0.3655572916666666 0.004433593750000001 0.3655572916666666 0.004433593750000001 0.5193802083333333 0.10686328125 0.5193802083333333 0.10686328125 0.3655572916666666
4 0.41373697916666663 0.58604296875 0.3179557291666666 0.58604296875 0.3179557291666666 0.7323632812499999 0.41373697916666663 0.7323632812499999 0.41373697916666663 0.58604296875
4 0.7403359374999999 0.4011471354166666 0.6059088541666666 0.4011471354166666 0.6059088541666666 0.48624869791666664 0.7403359374999999 0.48624869791666664 0.7403359374999999 0.4011471354166666
4 0.8203190104166665 0.33716015625 0.7135143229166666 0.33716015625 0.7135143229166666 0.4462877604166667 0.8203190104166665 0.4462877604166667 0.8203190104166665 0.33716015625
4 0.90538671875 0.31980468749999996 0.8050247395833331 0.31980468749999996 0.8050247395833331 0.42632031249999996 0.90538671875 0.42632031249999996 0.90538671875 0.31980468749999996
4 0.6041731770833334 0.5832747395833333 0.4713268229166666 0.5832747395833333 0.4713268229166666 0.70323046875 0.6041731770833334 0.70323046875 0.6041731770833334 0.5832747395833333
4 0.36956119791666664 0.2813541666666667 0.28299088541666667 0.2813541666666667 0.28299088541666667 0.3986875 0.36956119791666664 0.3986875 0.36956119791666664 0.2813541666666667
3 0.8586679687500001 0.56087109375 0.6753528645833333 0.56087109375 0.6753528645833333 0.7804830729166667 0.8586679687500001 0.7804830729166667 0.8586679687500001 0.56087109375
3 0.45476171874999993 0.41329947916666665 0.3706653645833333 0.41329947916666665 0.3706653645833333 0.5832734374999999 0.45476171874999993 0.5832734374999999 0.45476171874999993 0.41329947916666665
3 0.58507421875 0.39316536458333334 0.45475911458333335 0.39316536458333334 0.45475911458333335 0.5730221354166666 0.58507421875 0.5730221354166666 0.58507421875 0.39316536458333334
3 0.6898476562499999 0.2301419270833333 0.5208398437499999 0.2301419270833333 0.5208398437499999 0.38054557291666663 0.6898476562499999 0.38054557291666663 0.6898476562499999 0.2301419270833333
3 0.7868815104166667 0.22232682291666667 0.6258736979166665 0.22232682291666667 0.6258736979166665 0.34031380208333334 0.7868815104166667 0.34031380208333334 0.7868815104166667 0.22232682291666667
3 0.8914973958333334 0.21875 0.7387578124999999 0.21875 0.7387578124999999 0.29698046875 0.8914973958333334 0.29698046875 0.8914973958333334 0.21875
3 0.45002604166666665 0.22840364583333334 0.36198437499999997 0.22840364583333334 0.36198437499999997 0.3805442708333333 0.45002604166666665 0.3805442708333333 0.45002604166666665 0.22840364583333334
5 0.7853020833333333 0.46885546875 0.6718802083333333 0.46885546875 0.6718802083333333 0.5659205729166666 0.7853020833333333 0.5659205729166666 0.7853020833333333 0.46885546875
5 0.49826432291666667 0.26143229166666665 0.42793880208333324 0.26143229166666665 0.42793880208333324 0.38726041666666666 0.49826432291666667 0.38726041666666666 0.49826432291666667 0.26143229166666665