4 0.19916015625 0.675453125 0.3246575520833333 0.675453125 0.3246575520833333 0.5509322916666667 0.19916015625 0.5509322916666667 0.19916015625 0.675453125
3 0.10851041666666668 0.6519036458333333 0.19758333333333333 0.6519036458333333 0.19758333333333333 0.45583593749999995 0.10851041666666668 0.45583593749999995 0.10851041666666668 0.6519036458333333
5 0.0000052083333333285966 0.5667083333333333 0.10607291666666666 0.5667083333333333 0.10607291666666666 0.31781249999999994 0.0000052083333333285966 0.31781249999999994 0.0000052083333333285966 0.5667083333333333
5 0.5352265624999999 0.5608697916666666 0.6310807291666667 0.5608697916666666 0.6310807291666667 0.34346875 0.5352265624999999 0.34346875 0.5352265624999999 0.5608697916666666
3 0.29601041666666666 0.39316666666666666 0.45002604166666665 0.39316666666666666 0.45002604166666665 0.23274479166666667 0.29601041666666666 0.23274479166666667 0.29601041666666666 0.39316666666666666
3 0.40357161458333335 0.49334765624999993 0.5573138020833334 0.49334765624999993 0.5573138020833334 0.25806380208333335 0.40357161458333335 0.25806380208333335 0.40357161458333335 0.49334765624999993
3 0.5980963541666666 0.43576432291666667 0.7995026041666666 0.43576432291666667 0.7995026041666666 0.23274609375000002 0.5980963541666666 0.23274609375000002 0.5980963541666666 0.43576432291666667
3 0.7466458333333332 0.7075716145833333 0.8533020833333333 0.7075716145833333 0.8533020833333333 0.5580325520833334 0.7466458333333332 0.5580325520833334 0.7466458333333332 0.7075716145833333
3 0.5928151041666667 0.581703125 0.7387213541666666 0.581703125 0.7387213541666666 0.4349739583333333 0.5928151041666667 0.4349739583333333 0.5928151041666667 0.581703125
3 0.5407486979166667 0.6841328124999999 0.6579908854166666 0.6841328124999999 0.6579908854166666 0.49650260416666664 0.5407486979166667 0.49650260416666664 0.5407486979166667 0.6841328124999999
3 0.7064140624999998 0.40027994791666666 0.8862890624999998 0.40027994791666666 0.8862890624999998 0.21875130208333332 0.7064140624999998 0.21875130208333332 0.7064140624999998 0.40027994791666666