4 0.13841796874999998 0.5790989583333334 0.003477864583333338 0.5790989583333334 0.003477864583333338 0.6895208333333332 0.13841796874999998 0.6895208333333332 0.13841796874999998 0.5790989583333334
4 0.5486367187499999 0.5244127604166666 0.45139453124999995 0.5244127604166666 0.45139453124999995 0.6105924479166667 0.5486367187499999 0.6105924479166667 0.5486367187499999 0.5244127604166666
4 0.7206119791666666 0.362953125 0.5946223958333332 0.362953125 0.5946223958333332 0.4290572916666666 0.7206119791666666 0.4290572916666666 0.7206119791666666 0.362953125
4 1 0.4022213541666666 1 0.31954947916666665 0.8836861979166667 0.31954947916666665 0.8836861979166667 0.4022213541666666 1 0.4022213541666666
4 0.17786197916666666 0.3777096354166667 0.08247135416666665 0.3777096354166667 0.08247135416666665 0.46536328125 0.17786197916666666 0.46536328125 0.17786197916666666 0.3777096354166667
4 0.2867278645833333 0.2813567708333333 0.19444921874999999 0.2813567708333333 0.19444921874999999 0.37301822916666666 0.2867278645833333 0.37301822916666666 0.2867278645833333 0.2813567708333333
4 0.3332708333333333 0.22753645833333333 0.23871875 0.22753645833333333 0.23871875 0.3138229166666667 0.3332708333333333 0.3138229166666667 0.3332708333333333 0.22753645833333333
4 0.39164973958333327 0.5469817708333333 0.2777825520833333 0.5469817708333333 0.2777825520833333 0.6453203125 0.39164973958333327 0.6453203125 0.39164973958333327 0.5469817708333333
3 0.8129127604166666 0.48045703124999994 0.5711861979166665 0.48045703124999994 0.5711861979166665 0.59796484375 0.8129127604166666 0.59796484375 0.8129127604166666 0.48045703124999994
3 0.5446927083333333 0.27527994791666666 0.34635937499999997 0.27527994791666666 0.34635937499999997 0.44405338541666667 0.5446927083333333 0.44405338541666667 0.5446927083333333 0.27527994791666666
3 0.4224166666666666 0.3725026041666667 0.19010937499999997 0.3725026041666667 0.19010937499999997 0.48509635416666663 0.4224166666666666 0.48509635416666663 0.4224166666666666 0.3725026041666667
3 0.32695963541666667 0.48889322916666667 0.11979557291666665 0.48889322916666667 0.11979557291666665 0.6500546875 0.32695963541666667 0.6500546875 0.32695963541666667 0.48889322916666667
5 0.8923658854166666 0.78125 0.9999986979166667 0.78125 0.9999986979166667 0.5790989583333332 0.8923658854166666 0.5790989583333332 0.8923658854166666 0.78125
5 0.9383450520833334 0.44715494791666666 0.8055611979166667 0.44715494791666666 0.8055611979166667 0.54271484375 0.9383450520833334 0.54271484375 0.9383450520833334 0.44715494791666666
5 0.739546875 0.5530572916666666 0.6119843749999999 0.5530572916666666 0.6119843749999999 0.6429531249999999 0.739546875 0.6429531249999999 0.739546875 0.5530572916666666