7 0.4290559895833333 0.384140625 0.31048567708333336 0.384140625 0.31048567708333336 0.5183229166666667 0.4290559895833333 0.5183229166666667 0.4290559895833333 0.384140625
6 0.3673059895833334 0.4667643229166666 0.19669921875000002 0.4667643229166666 0.19669921875000002 0.6350221354166667 0.3673059895833334 0.6350221354166667 0.3673059895833334 0.4667643229166666
8 0.18553645833333335 0.67041796875 0.10103124999999999 0.67041796875 0.10103124999999999 0.7514934895833333 0.18553645833333335 0.7514934895833333 0.18553645833333335 0.67041796875
7 0.15727213541666665 0.6247565104166666 0.02507682291666667 0.6247565104166666 0.02507682291666667 0.7225195312499999 0.15727213541666665 0.7225195312499999 0.15727213541666665 0.6247565104166666
8 0.15901041666666665 0.51083203125 0.05986458333333333 0.51083203125 0.05986458333333333 0.6208971354166667 0.15901041666666665 0.6208971354166667 0.15901041666666665 0.51083203125
6 0 0.25948177083333335 0 0.5372526041666668 0.1130625 0.5372526041666668 0.1130625 0.25948177083333335 0 0.25948177083333335
6 0.3049765625 0.23918880208333335 0.10726302083333332 0.23918880208333335 0.10726302083333332 0.43584765625 0.3049765625 0.43584765625 0.3049765625 0.23918880208333335
6 0.6392330729166666 0.233734375 0.4507981770833333 0.233734375 0.4507981770833333 0.40527604166666664 0.6392330729166666 0.40527604166666664 0.6392330729166666 0.233734375
6 0.8585442708333332 0.31835416666666666 0.8585442708333332 0.21875 0.6609765624999999 0.21875 0.6609765624999999 0.31835416666666666 0.8585442708333332 0.31835416666666666
7 0.9997395833333332 0.25005859375 0.9043489583333333 0.25005859375 0.9043489583333333 0.34443098958333335 0.9997395833333332 0.34443098958333335 0.9997395833333332 0.25005859375
6 0.9252226562499999 0.2693450520833333 0.6782252604166665 0.2693450520833333 0.6782252604166665 0.4342486979166667 0.9252226562499999 0.4342486979166667 0.9252226562499999 0.2693450520833333
8 0.6393789062499999 0.37979166666666664 0.52863671875 0.37979166666666664 0.52863671875 0.448734375 0.6393789062499999 0.448734375 0.6393789062499999 0.37979166666666664
6 0.9999986979166666 0.37307812500000004 0.8508606770833333 0.37307812500000004 0.8508606770833333 0.6044635416666667 0.9999986979166666 0.6044635416666667 0.9999986979166666 0.37307812500000004
7 0.9458046874999999 0.5870703125 0.8508619791666666 0.5870703125 0.8508619791666666 0.6998932291666666 0.9458046874999999 0.6998932291666666 0.9458046874999999 0.5870703125
7 0.6827174479166667 0.78125 0.8073763020833333 0.78125 0.8073763020833333 0.6870872395833333 0.6827174479166667 0.6870872395833333 0.6827174479166667 0.78125
6 0.8752135416666667 0.4722044270833333 0.71678125 0.4722044270833333 0.71678125 0.68273828125 0.8752135416666667 0.68273828125 0.8752135416666667 0.4722044270833333
8 0.9247864583333332 0.38631249999999995 0.8504270833333333 0.38631249999999995 0.8504270833333333 0.46624479166666666 0.9247864583333332 0.46624479166666666 0.9247864583333332 0.38631249999999995