4 0.13841796874999998 0.44107812499999993 0.013894531249999998 0.44107812499999993 0.013894531249999998 0.5671822916666667 0.13841796874999998 0.5671822916666667 0.13841796874999998 0.44107812499999993
4 0.27804947916666667 0.5018424479166665 0.15451822916666663 0.5018424479166665 0.15451822916666663 0.5955950520833333 0.27804947916666667 0.5955950520833333 0.27804947916666667 0.5018424479166665
4 0.44687239583333327 0.5001067708333333 0.3038255208333333 0.5001067708333333 0.3038255208333333 0.5924401041666666 0.44687239583333327 0.5924401041666666 0.44687239583333327 0.5001067708333333
4 0.6385703125 0.48448046875 0.5173671875 0.48448046875 0.5173671875 0.5790195312499999 0.6385703125 0.5790195312499999 0.6385703125 0.48448046875
4 0.7782018229166665 0.32909895833333336 0.65538671875 0.32909895833333336 0.65538671875 0.4116927083333334 0.7782018229166665 0.4116927083333334 0.7782018229166665 0.32909895833333336
4 0.22124999999999995 0.308265625 0.09896354166666665 0.308265625 0.09896354166666665 0.4045885416666666 0.22124999999999995 0.4045885416666666 0.22124999999999995 0.308265625
4 0.31118359374999993 0.22319661458333334 0.20399869791666667 0.22319661458333334 0.20399869791666667 0.32171484375 0.31118359374999993 0.32171484375 0.31118359374999993 0.22319661458333334
3 0.5691484374999999 0.3414479166666667 0.5691484374999999 0.21875 0.3637213541666666 0.21875 0.3637213541666666 0.3414479166666667 0.5691484374999999 0.3414479166666667
3 0.43819401041666667 0.3013203125 0.24566536458333332 0.3013203125 0.24566536458333332 0.38643489583333335 0.43819401041666667 0.38643489583333335 0.43819401041666667 0.3013203125
3 0.35772786458333333 0.3930950520833333 0.1293450520833333 0.3930950520833333 0.1293450520833333 0.5048268229166666 0.35772786458333333 0.5048268229166666 0.35772786458333333 0.3930950520833333
3 0.8941692708333333 0.4532317708333333 0.6579921875 0.4532317708333333 0.6579921875 0.5419244791666666 0.8941692708333333 0.5419244791666666 0.8941692708333333 0.4532317708333333
3 0.9131015625 0.5079192708333332 0.7066015625 0.5079192708333332 0.7066015625 0.6366380208333333 0.9131015625 0.6366380208333333 0.9131015625 0.5079192708333332
3 0.6464596354166667 0.3495286458333333 0.3941028645833333 0.3495286458333333 0.3941028645833333 0.4937786458333333 0.6464596354166667 0.4937786458333333 0.6464596354166667 0.3495286458333333
3 0.6551354166666666 0.45078385416666666 0.43490104166666665 0.45078385416666666 0.43490104166666665 0.5490286458333333 0.6551354166666666 0.5490286458333333 0.6551354166666666 0.45078385416666666
5 1 0.5127200520833333 1 0.41330078124999997 0.8029570312499998 0.41330078124999997 0.8029570312499998 0.5127200520833333 1 0.5127200520833333
5 0.9999986979166667 0.5539244791666667 0.9105950520833332 0.5539244791666667 0.9105950520833332 0.6484765625 0.9999986979166667 0.6484765625 0.9999986979166667 0.5539244791666667
5 0.72140234375 0.25184244791666666 0.5581653645833333 0.25184244791666666 0.5581653645833333 0.34776171875 0.72140234375 0.34776171875 0.72140234375 0.25184244791666666
5 0.5872916666666665 0.2969817708333333 0.40365104166666665 0.2969817708333333 0.40365104166666665 0.39590885416666666 0.5872916666666665 0.39590885416666666 0.5872916666666665 0.2969817708333333
5 0.47526953124999993 0.36034895833333336 0.34288671875 0.36034895833333336 0.34288671875 0.4322135416666667 0.47526953124999993 0.4322135416666667 0.47526953124999993 0.36034895833333336
5 0.7734674479166668 0.41077343749999995 0.6137200520833332 0.41077343749999995 0.6137200520833332 0.4645755208333333 0.7734674479166668 0.4645755208333333 0.7734674479166668 0.41077343749999995