9 0.22085546875 0.3006328125 0.15817578124999998 0.3006328125 0.15817578124999998 0.5169192708333333 0.22085546875 0.5169192708333333 0.22085546875 0.3006328125
10 0.30336588541666665 0.33926953125 0.21046744791666666 0.33926953125 0.21046744791666666 0.47994921875 0.30336588541666665 0.47994921875 0.30336588541666665 0.33926953125
9 0.40027473958333337 0.4437382812499999 0.21896484374999997 0.4437382812499999 0.21896484374999997 0.6101888020833333 0.40027473958333337 0.6101888020833333 0.40027473958333337 0.4437382812499999
9 0.4550455729166666 0.2628815104166667 0.33169401041666663 0.2628815104166667 0.33169401041666663 0.37822265625 0.4550455729166666 0.37822265625 0.4550455729166666 0.2628815104166667
9 0.2548515625 0.5647265625 0.0377734375 0.5647265625 0.0377734375 0.7502057291666666 0.2548515625 0.7502057291666666 0.2548515625 0.5647265625
10 0.22840885416666662 0.78125 0.3639192708333333 0.78125 0.3639192708333333 0.6935781249999999 0.22840885416666662 0.6935781249999999 0.22840885416666662 0.78125
9 0.5630546875 0.4246744791666666 0.43202864583333334 0.4246744791666666 0.43202864583333334 0.6314192708333334 0.5630546875 0.6314192708333334 0.5630546875 0.4246744791666666
11 0.48349609375 0.3190260416666667 0.4302591145833333 0.3190260416666667 0.4302591145833333 0.4248489583333333 0.48349609375 0.4248489583333333 0.48349609375 0.3190260416666667
9 0.8101145833333334 0.41009244791666666 0.5565624999999998 0.41009244791666666 0.5565624999999998 0.5124127604166666 0.8101145833333334 0.5124127604166666 0.8101145833333334 0.41009244791666666
10 0.7784791666666667 0.3073984375 0.6197135416666667 0.3073984375 0.6197135416666667 0.44433072916666666 0.7784791666666667 0.44433072916666666 0.7784791666666667 0.3073984375
9 0.6689375 0.223 0.4267187499999999 0.223 0.4267187499999999 0.31563541666666667 0.6689375 0.31563541666666667 0.6689375 0.223
11 0.7477890624999999 0.25959244791666664 0.6775546875 0.25959244791666664 0.6775546875 0.31657942708333336 0.7477890624999999 0.31657942708333336 0.7477890624999999 0.25959244791666664
9 0.66043828125 0.6242013020833334 0.6774361979166666 0.6510986979166666 0.66563203125 0.6661989583333333 0.62219296875 0.6633677083333334 0.6424960937499999 0.6869619791666667 0.6632713541666666 0.6935682291666666 0.6864072916666666 0.7228249999999999 0.7001 0.7388690104166666 0.7189864583333333 0.7223531249999999 0.7274854166666666 0.6973432291666667 0.7109596354166666 0.6614802083333333 0.6944341145833333 0.6355265625 0.674603125 0.60202265625 0.6585497395833333 0.5699346354166666 0.6401351562500001 0.5472841145833333 0.6179434895833332 0.5477559895833333 0.6080281249999999 0.55625 0.6146385416666666 0.59164140625 0.62974765625 0.6081572916666667 0.66043828125 0.6242013020833334
11 0.9168684895833333 0.3676848958333333 0.8279752604166666 0.3676848958333333 0.8279752604166666 0.45765885416666663 0.9168684895833333 0.45765885416666663 0.9168684895833333 0.3676848958333333