3 0.6416861979166666 0.40222265625000003 0.8586679687499998 0.40222265625000003 0.8586679687499998 0.28387630208333337 0.6416861979166666 0.28387630208333337 0.6416861979166666 0.40222265625000003
3 0.7126783854166666 0.54823828125 0.9052122395833333 0.54823828125 0.9052122395833333 0.39073046875 0.7126783854166666 0.39073046875 0.7126783854166666 0.54823828125
3 0.3533033854166666 0.5805989583333333 0.54784765625 0.5805989583333333 0.54784765625 0.44889062499999993 0.3533033854166666 0.44889062499999993 0.3533033854166666 0.5805989583333333
3 0.04427604166666666 0.41958593749999995 0.21415104166666668 0.41958593749999995 0.21415104166666668 0.2700703125 0.04427604166666666 0.2700703125 0.04427604166666666 0.41958593749999995
3 0.6119830729166666 0.7518736979166667 0.72140234375 0.7518736979166667 0.72140234375 0.5322252604166666 0.6119830729166666 0.5322252604166666 0.6119830729166666 0.7518736979166667
3 0.6822955729166666 0.71556640625 0.8350013020833333 0.71556640625 0.8350013020833333 0.5287513020833333 0.6822955729166666 0.5287513020833333 0.6822955729166666 0.71556640625
4 0.5572981770833332 0.6618958333333333 0.65592578125 0.6618958333333333 0.65592578125 0.52528125 0.5572981770833332 0.52528125 0.5572981770833332 0.6618958333333333
4 0.21701822916666663 0.45273697916666666 0.30881510416666663 0.45273697916666666 0.30881510416666663 0.3256276041666667 0.21701822916666663 0.3256276041666667 0.21701822916666663 0.45273697916666666
4 0.8611171875 0.38012109374999997 0.9706901041666667 0.38012109374999997 0.9706901041666667 0.28048828124999997 0.8611171875 0.28048828124999997 0.8611171875 0.38012109374999997
4 0.9262200520833332 0.5782317708333333 0.9999986979166667 0.5782317708333333 0.9999986979166667 0.44281510416666664 0.9262200520833332 0.44281510416666664 0.9262200520833332 0.5782317708333333
5 0.4765664062499999 0.38643619791666667 0.6385690104166667 0.38643619791666667 0.6385690104166667 0.2943763020833333 0.4765664062499999 0.2943763020833333 0.4765664062499999 0.38643619791666667
5 0.5425403645833333 0.4582591145833333 0.7111471354166665 0.4582591145833333 0.7111471354166665 0.36729296875 0.5425403645833333 0.36729296875 0.5425403645833333 0.4582591145833333
5 0.59288671875 0.5237695312499999 0.7056236979166666 0.5237695312499999 0.7056236979166666 0.4037513020833333 0.59288671875 0.4037513020833333 0.59288671875 0.5237695312499999
5 0.3003528645833333 0.45352473958333334 0.41610546874999993 0.45352473958333334 0.41610546874999993 0.31868359375 0.3003528645833333 0.31868359375 0.3003528645833333 0.45352473958333334