4 0.08477343749999999 0.5226770833333333 0.0008723958333333318 0.5226770833333333 0.0008723958333333318 0.642953125 0.08477343749999999 0.642953125 0.08477343749999999 0.5226770833333333
4 0.4192591145833333 0.30132161458333334 0.28038671875 0.30132161458333334 0.28038671875 0.4101158854166666 0.4192591145833333 0.4101158854166666 0.4192591145833333 0.30132161458333334
4 0.89337890625 0.2761471354166667 0.7986158854166666 0.2761471354166667 0.7986158854166666 0.3998528645833333 0.89337890625 0.3998528645833333 0.89337890625 0.2761471354166667
4 0.494203125 0.6520169270833334 0.36458854166666665 0.6520169270833334 0.36458854166666665 0.7502955729166667 0.494203125 0.7502955729166667 0.494203125 0.6520169270833334
4 0.8705013020833332 0.66416796875 0.8055611979166667 0.66416796875 0.8055611979166667 0.7812486979166666 0.8705013020833332 0.7812486979166666 0.8705013020833332 0.66416796875
4 0.8732695312499998 0.78125 0.9501783854166665 0.78125 0.9501783854166665 0.6728489583333332 0.8732695312499998 0.6728489583333332 0.8732695312499998 0.78125
4 0.21415104166666662 0.38639192708333336 0.12240104166666665 0.38639192708333336 0.12240104166666665 0.5071966145833333 0.21415104166666662 0.5071966145833333 0.21415104166666662 0.38639192708333336
3 0.35693749999999996 0.2231953125 0.17621874999999998 0.2231953125 0.17621874999999998 0.41958593749999995 0.35693749999999996 0.41958593749999995 0.35693749999999996 0.2231953125
3 0.6685481770833333 0.4853502604166667 0.4696236979166667 0.4853502604166667 0.4696236979166667 0.65873828125 0.6685481770833333 0.65873828125 0.6685481770833333 0.4853502604166667
3 0.7371809895833333 0.6337851562499999 0.49913671875 0.6337851562499999 0.49913671875 0.7558190104166667 0.7371809895833333 0.7558190104166667 0.7371809895833333 0.6337851562499999
5 0.8973242187499999 0.6233697916666666 0.7430611979166667 0.6233697916666666 0.7430611979166667 0.701359375 0.8973242187499999 0.701359375 0.8973242187499999 0.6233697916666666
5 0.46975 0.4376067708333332 0.35417187499999997 0.4376067708333332 0.35417187499999997 0.5506067708333333 0.46975 0.5506067708333333 0.46975 0.4376067708333332
5 0.41215885416666664 0.5921197916666666 0.2586848958333333 0.5921197916666666 0.2586848958333333 0.6879427083333333 0.41215885416666664 0.6879427083333333 0.41215885416666664 0.5921197916666666
5 0.9194127604166665 0.300453125 0.8446236979166667 0.300453125 0.8446236979166667 0.4961458333333333 0.9194127604166665 0.4961458333333333 0.9194127604166665 0.300453125
5 0.9999986979166667 0.30739713541666663 0.9154127604166666 0.30739713541666663 0.9154127604166666 0.5324518229166666 0.9999986979166667 0.5324518229166666 0.9999986979166667 0.30739713541666663
5 1 0.7812486979166666 1 0.59385546875 0.9305611979166667 0.59385546875 0.9305611979166667 0.7812486979166666 1 0.7812486979166666
3 0.2867265625 0.56126953125 0.08420572916666669 0.56126953125 0.08420572916666669 0.68715234375 0.2867265625 0.68715234375 0.2867265625 0.56126953125
3 0.8389453124999999 0.3907317708333333 0.7118098958333332 0.3907317708333333 0.7118098958333332 0.5782317708333332 0.8389453124999999 0.5782317708333332 0.8389453124999999 0.3907317708333333
3 0.9028463541666667 0.4323971354166667 0.8044609375 0.4323971354166667 0.8044609375 0.6153268229166666 0.9028463541666667 0.6153268229166666 0.9028463541666667 0.4323971354166667
3 1 0.6098020833333333 1 0.43847395833333336 0.8988424479166668 0.43847395833333336 0.8988424479166668 0.6098020833333333 1 0.6098020833333333