10 0.22219140624999997 0.34906770833333334 0.11259505208333331 0.34906770833333334 0.11259505208333331 0.49283854166666663 0.22219140624999997 0.49283854166666663 0.22219140624999997 0.34906770833333334
9 0.35141927083333335 0.30102213541666667 0.2464557291666667 0.30102213541666667 0.2464557291666667 0.46902473958333335 0.35141927083333335 0.46902473958333335 0.35141927083333335 0.30102213541666667
11 0.3769114583333334 0.22501953125 0.31925 0.22501953125 0.31925 0.28739713541666667 0.3769114583333334 0.28739713541666667 0.3769114583333334 0.22501953125
10 0.39394921874999994 0.47038541666666667 0.25831640624999996 0.47038541666666667 0.25831640624999996 0.6324166666666666 0.39394921874999994 0.6324166666666666 0.39394921874999994 0.47038541666666667
10 0.4739674479166666 0.6537291666666667 0.2569544270833333 0.6537291666666667 0.2569544270833333 0.7639531249999999 0.4739674479166666 0.7639531249999999 0.4739674479166666 0.6537291666666667
10 0.5261744791666667 0.78125 0.6455859375 0.78125 0.6455859375 0.6598645833333333 0.5261744791666667 0.6598645833333333 0.5261744791666667 0.78125
9 0.80630078125 0.5739869791666666 0.5909231770833333 0.5739869791666666 0.5909231770833333 0.6714661458333333 0.80630078125 0.6714661458333333 0.80630078125 0.5739869791666666
9 0.7326901041666666 0.4499388020833333 0.43211718749999994 0.4499388020833333 0.43211718749999994 0.5775299479166666 0.7326901041666666 0.5775299479166666 0.7326901041666666 0.4499388020833333
10 0.8150260416666667 0.22323567708333333 0.5991041666666665 0.22323567708333333 0.5991041666666665 0.37837369791666664 0.8150260416666667 0.37837369791666664 0.8150260416666667 0.22323567708333333
11 0.9099010416666667 0.26523307291666665 0.8022135416666666 0.26523307291666665 0.8022135416666666 0.3668346354166666 0.9099010416666667 0.3668346354166666 0.9099010416666667 0.26523307291666665
9 0.9690611979166665 0.3640611979166667 0.8649179687499998 0.3640611979166667 0.8649179687499998 0.5909856770833333 0.9690611979166665 0.5909856770833333 0.9690611979166665 0.3640611979166667