4 0.20231770833333332 0.6528854166666667 0.04427604166666666 0.6528854166666667 0.04427604166666666 0.7739739583333333 0.20231770833333332 0.7739739583333333 0.20231770833333332 0.6528854166666667
4 0.30723958333333334 0.4436822916666666 0.21386458333333333 0.4436822916666666 0.21386458333333333 0.560078125 0.30723958333333334 0.560078125 0.30723958333333334 0.4436822916666666
4 0.15261718749999997 0.45496744791666666 0.07118489583333334 0.45496744791666666 0.07118489583333334 0.5529752604166667 0.15261718749999997 0.5529752604166667 0.15261718749999997 0.45496744791666666
4 0.41058072916666666 0.3516692708333333 0.33160156249999995 0.3516692708333333 0.33160156249999995 0.4456328125 0.41058072916666666 0.4456328125 0.41058072916666666 0.3516692708333333
4 0.11790755208333333 0.2796197916666666 0.02691536458333333 0.2796197916666666 0.02691536458333333 0.35644270833333336 0.11790755208333333 0.35644270833333336 0.11790755208333333 0.2796197916666666
5 0.7395455729166667 0.23219140624999998 0.5590325520833332 0.23219140624999998 0.5590325520833332 0.37854296875 0.7395455729166667 0.37854296875 0.7395455729166667 0.23219140624999998
5 0.9052109374999999 0.28222265625 0.7456640625 0.28222265625 0.7456640625 0.46457421875 0.9052109374999999 0.46457421875 0.9052109374999999 0.28222265625
3 0.5999140625 0.25672786458333335 0.3993098958333333 0.25672786458333335 0.3993098958333333 0.4266888020833333 0.5999140625 0.4266888020833333 0.5999140625 0.25672786458333335
3 0.26937369791666665 0.5204752604166666 0.12943880208333333 0.5204752604166666 0.12943880208333333 0.6468997395833332 0.26937369791666665 0.6468997395833332 0.26937369791666665 0.5204752604166666
3 0.37666015625 0.24316276041666668 0.23108984375000002 0.24316276041666668 0.23108984375000002 0.4314257812499999 0.37666015625 0.4314257812499999 0.37666015625 0.24316276041666668
3 0.2709505208333333 0.27471484375 0.1336848958333333 0.27471484375 0.1336848958333333 0.4677330729166666 0.2709505208333333 0.4677330729166666 0.2709505208333333 0.27471484375
3 0.2890950520833333 0.32171354166666666 0.2890950520833333 0.21875 0.12066536458333332 0.21875 0.12066536458333332 0.32171354166666666 0.2890950520833333 0.32171354166666666
3 0.7868802083333334 0.22493229166666667 0.5859427083333333 0.22493229166666667 0.5859427083333333 0.3706510416666666 0.7868802083333334 0.3706510416666666 0.7868802083333334 0.22493229166666667
4 0.19878906249999997 0.78125 0.2662161458333333 0.78125 0.2662161458333333 0.691078125 0.19878906249999997 0.691078125 0.19878906249999997 0.78125
3 0.37214843750000004 0.48272786458333333 0.23939322916666667 0.48272786458333333 0.23939322916666667 0.6771888020833333 0.37214843750000004 0.6771888020833333 0.37214843750000004 0.48272786458333333