4 0.7182473958333333 0.24316145833333333 0.5685807291666667 0.24316145833333333 0.5685807291666667 0.335921875 0.7182473958333333 0.335921875 0.7182473958333333 0.24316145833333333
4 0.8681341145833332 0.31521093749999995 0.7126783854166666 0.31521093749999995 0.7126783854166666 0.39748697916666664 0.8681341145833332 0.39748697916666664 0.8681341145833332 0.31521093749999995
4 0.30881770833333333 0.6155572916666666 0.22135937500000002 0.6155572916666666 0.22135937500000002 0.7534531250000001 0.30881770833333333 0.7534531250000001 0.30881770833333333 0.6155572916666666
4 0.13999479166666665 0.3334388020833333 0.038197916666666665 0.3334388020833333 0.038197916666666665 0.4290559895833333 0.13999479166666665 0.4290559895833333 0.13999479166666665 0.3334388020833333
4 0.007816406249999996 0.78125 0.13210546874999998 0.78125 0.13210546874999998 0.7127799479166667 0.007816406249999996 0.7127799479166667 0.007816406249999996 0.78125
4 0.26542838541666663 0.32562760416666664 0.17795703125 0.32562760416666664 0.17795703125 0.4511588541666667 0.26542838541666663 0.4511588541666667 0.26542838541666663 0.32562760416666664
4 0.52951953125 0.78125 0.6685481770833333 0.78125 0.6685481770833333 0.7075716145833333 0.52951953125 0.7075716145833333 0.52951953125 0.78125
3 0.8397356770833333 0.5756263020833333 0.6467070312499998 0.5756263020833333 0.6467070312499998 0.7360872395833333 0.8397356770833333 0.7360872395833333 0.8397356770833333 0.5756263020833333
3 0.6322578125 0.5626067708333333 0.42274739583333326 0.5626067708333333 0.42274739583333326 0.7045182291666666 0.6322578125 0.7045182291666666 0.6322578125 0.5626067708333333
3 0.742703125 0.6278763020833333 0.5616302083333334 0.6278763020833333 0.5616302083333334 0.7289830729166666 0.742703125 0.7289830729166666 0.742703125 0.6278763020833333
3 0.5707265625 0.28309114583333334 0.4210130208333333 0.28309114583333334 0.4210130208333333 0.41563802083333334 0.5707265625 0.41563802083333334 0.5707265625 0.28309114583333334
3 0.7079908854166665 0.31757291666666665 0.5104205729166666 0.31757291666666665 0.5104205729166666 0.44799999999999995 0.7079908854166665 0.44799999999999995 0.7079908854166665 0.31757291666666665
5 0.7797799479166667 0.44455078124999997 0.59288671875 0.44455078124999997 0.59288671875 0.5679700520833333 0.7797799479166667 0.5679700520833333 0.7797799479166667 0.44455078124999997
5 0.5297031249999999 0.46885546875 0.40278125 0.46885546875 0.40278125 0.5640247395833333 0.5297031249999999 0.5640247395833333 0.5297031249999999 0.46885546875
3 0.14551822916666665 0.43847395833333336 0.04601302083333333 0.43847395833333336 0.04601302083333333 0.70609375 0.14551822916666665 0.70609375 0.14551822916666665 0.43847395833333336