10 0.7390625 0.45625 0.753125 0.465625 0.7625 0.475 0.765625 0.475 0.7765625 0.4875 0.7796875 0.4875 0.796875 0.5015625 0.8046875 0.5015625 0.8171875 0.5078125 0.81875 0.5109375 0.8375 0.51875 0.8453125 0.5171875 0.8609375 0.521875 0.878125 0.5328125 0.896875 0.540625 0.9203125 0.559375 0.9328125 0.5734375 0.9328125 0.5796875 0.9140625 0.590625 0.8953125 0.5953125 0.878125 0.5953125 0.8359375 0.5890625 0.8265625 0.5828125 0.80625 0.5765625 0.790625 0.5671875 0.7703125 0.5609375 0.7484375 0.5625 0.74375 0.565625 0.734375 0.5671875 0.73125 0.5703125 0.740625 0.5625 0.7375 0.559375 0.728125 0.559375 0.725 0.5515625 0.715625 0.5421875 0.71875 0.528125 0.734375 0.51875 0.7328125 0.5125 0.7203125 0.5046875 0.71875 0.5015625 0.721875 0.4953125 0.71875 0.4765625 0.7203125 0.46875 0.7265625 0.4609375 0.7265625 0.4578125 0.73125 0.4546875 0.7375 0.45625
11 0.625 0.425 0.628125 0.4328125 0.6234375 0.4640625 0.6234375 0.484375 0.621875 0.490625 0.6125 0.4890625 0.609375 0.4921875 0.6078125 0.4953125 0.609375 0.5015625 0.6015625 0.496875 0.6046875 0.4953125 0.5921875 0.4859375 0.584375 0.4703125 0.584375 0.465625 0.58125 0.4625 0.58125 0.4546875 0.578125 0.453125 0.5734375 0.44375 0.5734375 0.4390625 0.575 0.4375 0.5765625 0.440625 0.584375 0.4390625 0.5921875 0.4484375 0.5875 0.4453125 0.58125 0.4453125 0.5796875 0.45 0.584375 0.453125 0.5921875 0.4515625 0.5890625 0.4546875 0.596875 0.4578125 0.59375 0.459375 0.5953125 0.4609375 0.6 0.4609375 0.6109375 0.446875 0.615625 0.425 0.6171875 0.4234375 0.6234375 0.425
11 0.58046875 0.4627604166666666 0.5830729166666666 0.46640625 0.584375 0.4716145833333333 0.5919270833333333 0.4861979166666666 0.59375 0.4872395833333333 0.5955729166666666 0.4903645833333333 0.6020833333333333 0.49453125 0.6013020833333333 0.4971354166666666 0.6046875 0.49765625 0.6075520833333333 0.5010416666666666 0.61015625 0.5015625 0.6106770833333333 0.5005208333333333 0.609375 0.4984375 0.6111979166666666 0.4971354166666666 0.6122395833333333 0.4916666666666666 0.61484375 0.4901041666666666 0.6174479166666667 0.4903645833333333 0.6190104166666666 0.4916666666666666 0.6216145833333333 0.49140625 0.6229166666666666 0.4880208333333333 0.6252604166666667 0.4549479166666666 0.6265625 0.4513020833333333 0.6276041666666666 0.4408854166666666 0.628125 0.4296875 0.6270833333333333 0.4268229166666666 0.6221354166666666 0.4236979166666666 0.6158854166666666 0.42421875 0.6143229166666666 0.4265625 0.61328125 0.4359375 0.6106770833333333 0.4419270833333333 0.6098958333333333 0.4471354166666666 0.60703125 0.45182291666666663 0.60703125 0.4541666666666666 0.60234375 0.45703125 0.5997395833333333 0.4575520833333333 0.5971354166666666 0.45572916666666663 0.5955729166666666 0.45 0.590625 0.4458333333333333 0.590625 0.4442708333333333 0.5848958333333333 0.4388020833333333 0.5809895833333333 0.43828125 0.5776041666666666 0.4395833333333333 0.5744791666666667 0.4369791666666666 0.5731770833333333 0.4377604166666666 0.5734375 0.4447916666666666 0.5768229166666666 0.45234375 0.5807291666666666 0.45572916666666663 0.5796875 0.4580729166666666 0.58046875 0.4627604166666666
9 0.5981354166666666 0.6707005208333333 0.6885364583333333 0.6707005208333333 0.6885364583333333 0.5054244791666667 0.5981354166666666 0.5054244791666667 0.5981354166666666 0.6707005208333333
10 0.4527213541666667 0.65766015625 0.5680494791666666 0.65766015625 0.5680494791666666 0.58135546875 0.4527213541666667 0.58135546875 0.4527213541666667 0.65766015625
11 0.37807812500000004 0.4056640625 0.4402552083333333 0.4056640625 0.4402552083333333 0.33365364583333335 0.37807812500000004 0.33365364583333335 0.37807812500000004 0.4056640625
11 0.5474192708333334 0.44167057291666667 0.6220598958333333 0.44167057291666667 0.6220598958333333 0.38383984375 0.5474192708333334 0.38383984375 0.5474192708333334 0.44167057291666667
10 0.8110286458333332 0.34786979166666665 0.9269296875 0.34786979166666665 0.9269296875 0.24325000000000002 0.8110286458333332 0.24325000000000002 0.8110286458333332 0.34786979166666665
9 0.6499973958333333 0.4165963541666667 0.8087369791666668 0.4165963541666667 0.8087369791666668 0.26975260416666663 0.6499973958333333 0.26975260416666663 0.6499973958333333 0.4165963541666667
9 0.4212005208333333 0.5774192708333332 0.6085911458333333 0.5774192708333332 0.6085911458333333 0.4008411458333333 0.4212005208333333 0.4008411458333333 0.4212005208333333 0.5774192708333332
9 0.30816406250000006 0.35772786458333333 0.45286197916666665 0.35772786458333333 0.45286197916666665 0.2204700520833333 0.30816406250000006 0.2204700520833333 0.30816406250000006 0.35772786458333333
11 0.27666666666666667 0.4423346354166666 0.3267135416666666 0.4423346354166666 0.3267135416666666 0.37242578125 0.27666666666666667 0.37242578125 0.27666666666666667 0.4423346354166666
10 0.12606640624999998 0.7289427083333333 0.2344283854166666 0.7289427083333333 0.2344283854166666 0.5178802083333334 0.12606640624999998 0.5178802083333334 0.12606640624999998 0.7289427083333333
11 0.24515885416666663 0.5238802083333333 0.3532005208333333 0.5238802083333333 0.3532005208333333 0.45060416666666664 0.24515885416666663 0.45060416666666664 0.24515885416666663 0.5238802083333333
10 0.42347265624999997 0.74537890625 0.6153085937499999 0.74537890625 0.6153085937499999 0.6447981770833333 0.42347265624999997 0.6447981770833333 0.42347265624999997 0.74537890625
10 0.60887109375 0.7812486979166666 0.73719140625 0.7812486979166666 0.73719140625 0.6646471354166665 0.60887109375 0.6646471354166665 0.60887109375 0.7812486979166666
9 0.2932239583333333 0.6826718749999999 0.4427864583333333 0.6826718749999999 0.4427864583333333 0.5169531249999999 0.2932239583333333 0.5169531249999999 0.2932239583333333 0.6826718749999999