10 0.5413593750000001 0.5464075520833334 0.43631770833333333 0.5464075520833334 0.43631770833333333 0.6893424479166667 0.5413593750000001 0.6893424479166667 0.5413593750000001 0.5464075520833334
10 0.4877395833333333 0.32740885416666665 0.3003958333333333 0.32740885416666665 0.3003958333333333 0.4456223958333333 0.4877395833333333 0.4456223958333333 0.4877395833333333 0.32740885416666665
10 0.34949348958333326 0.29509635416666663 0.1330794270833333 0.29509635416666663 0.1330794270833333 0.48955989583333326 0.34949348958333326 0.48955989583333326 0.34949348958333326 0.29509635416666663
10 0.31525390625 0.48503645833333325 0.15504296874999998 0.48503645833333325 0.15504296874999998 0.5950729166666666 0.31525390625 0.5950729166666666 0.31525390625 0.48503645833333325
9 0.2248125 0.6026106770833334 0.09044270833333332 0.6026106770833334 0.09044270833333332 0.7502382812499999 0.2248125 0.7502382812499999 0.2248125 0.6026106770833334
10 0.3643502604166667 0.5522213541666666 0.2651236979166666 0.5522213541666666 0.2651236979166666 0.6799921874999999 0.3643502604166667 0.6799921874999999 0.3643502604166667 0.5522213541666666
9 0.3205533854166667 0.78125 0.42120182291666663 0.78125 0.42120182291666663 0.64395703125 0.3205533854166667 0.64395703125 0.3205533854166667 0.78125
11 0.8204361979166667 0.6148854166666666 0.7164283854166666 0.6148854166666666 0.7164283854166666 0.7117239583333334 0.8204361979166667 0.7117239583333334 0.8204361979166667 0.6148854166666666
11 0.9005416666666666 0.4579049479166667 0.8183697916666667 0.4579049479166667 0.8183697916666667 0.5448919270833332 0.9005416666666666 0.5448919270833332 0.9005416666666666 0.4579049479166667
10 0.6589348958333334 0.32353515625 0.5090598958333333 0.32353515625 0.5090598958333333 0.43513671874999993 0.6589348958333334 0.43513671874999993 0.6589348958333334 0.32353515625
9 0.8237955729166666 0.34097656249999997 0.6576419270833334 0.34097656249999997 0.6576419270833334 0.4953359375 0.8237955729166666 0.4953359375 0.8237955729166666 0.34097656249999997
9 0.7349036458333333 0.4540286458333333 0.5148723958333333 0.4540286458333333 0.5148723958333333 0.6370130208333332 0.7349036458333333 0.6370130208333332 0.7349036458333333 0.4540286458333333