4 0.18101692708333333 0.55392578125 0.04687890625 0.55392578125 0.04687890625 0.6666315104166667 0.18101692708333333 0.6666315104166667 0.18101692708333333 0.55392578125
4 0.6701236979166667 0.26052213541666663 0.5277825520833332 0.26052213541666663 0.5277825520833332 0.36038932291666664 0.6701236979166667 0.36038932291666664 0.6701236979166667 0.26052213541666663
4 0.7868802083333334 0.34906510416666664 0.6692760416666667 0.34906510416666664 0.6692760416666667 0.45431510416666665 0.7868802083333334 0.45431510416666665 0.7868802083333334 0.34906510416666664
4 0.65040234375 0.6398619791666667 0.5026080729166666 0.6398619791666667 0.5026080729166666 0.7210911458333333 0.65040234375 0.7210911458333333 0.65040234375 0.6398619791666667
4 0.22125130208333332 0.32823046875 0.11545703125 0.32823046875 0.11545703125 0.4274778645833333 0.22125130208333332 0.4274778645833333 0.22125130208333332 0.32823046875
3 0.5297044270833333 0.2787513020833333 0.2925403645833333 0.2787513020833333 0.2925403645833333 0.3690716145833333 0.5297044270833333 0.3690716145833333 0.5297044270833333 0.2787513020833333
3 0.6141132812500001 0.44541796875 0.35851171875 0.44541796875 0.35851171875 0.63269140625 0.6141132812500001 0.63269140625 0.6141132812500001 0.44541796875
3 0.8373684895833332 0.5339596354166666 0.6449700520833334 0.5339596354166666 0.6449700520833334 0.7274049479166667 0.8373684895833332 0.7274049479166667 0.8373684895833332 0.5339596354166666
3 0.65592578125 0.347328125 0.39583984375000003 0.347328125 0.39583984375000003 0.44799999999999995 0.65592578125 0.44799999999999995 0.65592578125 0.347328125
3 0.15261718749999997 0.36034765625 0.0017421874999999994 0.36034765625 0.0017421874999999994 0.5506054687499999 0.15261718749999997 0.5506054687499999 0.15261718749999997 0.36034765625
5 0.8064283854166667 0.78125 0.9541236979166665 0.78125 0.9541236979166665 0.597328125 0.8064283854166667 0.597328125 0.8064283854166667 0.78125
5 0.7371796875 0.4514934895833333 0.5737890625 0.4514934895833333 0.5737890625 0.54744921875 0.7371796875 0.54744921875 0.7371796875 0.4514934895833333
5 0.39164973958333327 0.35340364583333334 0.2829908854166666 0.35340364583333334 0.2829908854166666 0.4298463541666667 0.39164973958333327 0.4298463541666667 0.39164973958333327 0.35340364583333334
5 0.08950781249999999 0.26486328124999997 0.03559635416666666 0.26486328124999997 0.03559635416666666 0.36512630208333335 0.08950781249999999 0.36512630208333335 0.08950781249999999 0.26486328124999997