4 0.5564283854166666 0.3335533854166667 0.6835351562499999 0.3335533854166667 0.6835351562499999 0.24142578124999997 0.5564283854166666 0.24142578124999997 0.5564283854166666 0.3335533854166667
4 0.02517838541666665 0.7147786458333333 0.16129557291666666 0.7147786458333333 0.16129557291666666 0.5860442708333332 0.02517838541666665 0.5860442708333332 0.02517838541666665 0.7147786458333333
4 0.46180989583333326 0.5245598958333333 0.5896588541666666 0.5245598958333333 0.5896588541666666 0.4419453125 0.46180989583333326 0.4419453125 0.46180989583333326 0.5245598958333333
4 0.32552473958333333 0.6405846354166667 0.4452929687499999 0.6405846354166667 0.4452929687499999 0.5565299479166667 0.32552473958333333 0.5565299479166667 0.32552473958333333 0.6405846354166667
5 0.8376783854166667 0.7812486979166666 0.9999986979166666 0.7812486979166666 0.9999986979166666 0.5678138020833333 0.8376783854166667 0.5678138020833333 0.8376783854166667 0.7812486979166666
4 0.07295572916666668 0.4551510416666666 0.17790885416666669 0.4551510416666666 0.17790885416666669 0.37081770833333333 0.07295572916666668 0.37081770833333333 0.07295572916666668 0.4551510416666666
4 0.19101171875 0.365171875 0.29150911458333334 0.365171875 0.29150911458333334 0.279671875 0.19101171875 0.279671875 0.19101171875 0.365171875
4 0.21358072916666665 0.29019140625 0.30807552083333334 0.29019140625 0.30807552083333334 0.22238151041666665 0.21358072916666665 0.22238151041666665 0.21358072916666665 0.29019140625
5 0.7700039062499998 0.41016145833333334 0.9581158854166667 0.41016145833333334 0.9581158854166667 0.31620312500000003 0.7700039062499998 0.31620312500000003 0.7700039062499998 0.41016145833333334
3 0.5972630208333333 0.4946158854166667 0.8090182291666667 0.4946158854166667 0.8090182291666667 0.37365494791666665 0.5972630208333333 0.37365494791666665 0.5972630208333333 0.4946158854166667
3 0.19448567708333328 0.44094401041666664 0.3995872395833333 0.44094401041666664 0.3995872395833333 0.3430403645833333 0.19448567708333328 0.3430403645833333 0.19448567708333328 0.44094401041666664
3 0.13892968749999998 0.6319505208333333 0.3057109375 0.6319505208333333 0.3057109375 0.49376302083333334 0.13892968749999998 0.49376302083333334 0.13892968749999998 0.6319505208333333
3 0.6816354166666667 0.3083450520833333 0.88475 0.3083450520833333 0.88475 0.22324869791666666 0.6816354166666667 0.22324869791666666 0.6816354166666667 0.3083450520833333
3 0.32729557291666667 0.38490494791666663 0.5652513020833333 0.38490494791666663 0.5652513020833333 0.25363151041666665 0.32729557291666667 0.25363151041666665 0.32729557291666667 0.38490494791666663
5 0.3967408854166667 0.4488372395833333 0.5471080729166666 0.4488372395833333 0.5471080729166666 0.36213671875 0.3967408854166667 0.36213671875 0.3967408854166667 0.4488372395833333
5 0.2873658854166667 0.620109375 0.4390299479166666 0.620109375 0.4390299479166666 0.46196354166666664 0.2873658854166667 0.46196354166666664 0.2873658854166667 0.620109375