10 0.226859375 0.4363606770833333 0.09311979166666667 0.4363606770833333 0.09311979166666667 0.5866914062499999 0.226859375 0.5866914062499999 0.226859375 0.4363606770833333
9 0.26242578125 0.58801953125 0.11012630208333332 0.58801953125 0.11012630208333332 0.7446419270833333 0.26242578125 0.7446419270833333 0.26242578125 0.58801953125
9 0.6080299479166666 0.653625 0.39433984375 0.653625 0.39433984375 0.7715833333333333 0.6080299479166666 0.7715833333333333 0.6080299479166666 0.653625
9 0.38497005208333335 0.7414921874999999 0.26476953124999997 0.7414921874999999 0.26476953124999997 0.7800130208333333 0.38497005208333335 0.7800130208333333 0.38497005208333335 0.7414921874999999
10 0.48137109375 0.5623802083333332 0.36333203124999996 0.5623802083333332 0.36333203124999996 0.6400625 0.48137109375 0.6400625 0.48137109375 0.5623802083333332
10 0.49800260416666664 0.23459765625 0.2823515625 0.23459765625 0.2823515625 0.44036588541666666 0.49800260416666664 0.44036588541666666 0.49800260416666664 0.23459765625
10 0.6257994791666667 0.2686393229166667 0.5187890625 0.2686393229166667 0.5187890625 0.48390234374999996 0.6257994791666667 0.48390234374999996 0.6257994791666667 0.2686393229166667
10 0.8125286458333332 0.26773567708333335 0.7009973958333333 0.26773567708333335 0.7009973958333333 0.42103515625 0.8125286458333332 0.42103515625 0.8125286458333332 0.26773567708333335
9 0.7031666666666666 0.4945950520833334 0.46727083333333325 0.4945950520833334 0.46727083333333325 0.6259518229166666 0.7031666666666666 0.6259518229166666 0.7031666666666666 0.4945950520833334
11 0.8143359374999999 0.5217096354166666 0.6943098958333334 0.5217096354166666 0.6943098958333334 0.5811497395833334 0.8143359374999999 0.5811497395833334 0.8143359374999999 0.5217096354166666
11 0.9770234375000001 0.43313541666666666 0.9025494791666666 0.43313541666666666 0.9025494791666666 0.5117760416666666 0.9770234375000001 0.5117760416666666 0.9770234375000001 0.43313541666666666
10 0.7456471354166666 0.5668984375 0.6017591145833333 0.5668984375 0.6017591145833333 0.6599140625 0.7456471354166666 0.6599140625 0.7456471354166666 0.5668984375
9 0.90471875 0.49097786458333326 0.7644479166666667 0.49097786458333326 0.7644479166666667 0.6779804687500001 0.90471875 0.6779804687500001 0.90471875 0.49097786458333326