4 0.27083723958333333 0.7487161458333332 0.3877044270833333 0.7487161458333332 0.3877044270833333 0.6042734375000001 0.27083723958333333 0.6042734375000001 0.27083723958333333 0.7487161458333332
4 0.43055989583333326 0.6098020833333333 0.5454817708333334 0.6098020833333333 0.5454817708333334 0.503578125 0.43055989583333326 0.503578125 0.43055989583333326 0.6098020833333333
4 0.49132421875 0.4701015625 0.5936028645833333 0.4701015625 0.5936028645833333 0.38552343749999995 0.49132421875 0.38552343749999995 0.49132421875 0.4701015625
5 0.9045195312499998 0.56173828125 0.9045195312499998 0.78125 1 0.78125 1 0.56173828125 0.9045195312499998 0.56173828125
3 0.30208854166666665 0.6089869791666667 0.42951562499999996 0.6089869791666667 0.42951562499999996 0.3672942708333333 0.30208854166666665 0.3672942708333333 0.30208854166666665 0.6089869791666667
3 0.5338606770833332 0.5624192708333333 0.7947695312499999 0.5624192708333333 0.7947695312499999 0.43507552083333334 0.5338606770833332 0.43507552083333334 0.5338606770833332 0.5624192708333333
3 0.5020911458333333 0.573890625 0.37122656249999997 0.573890625 0.37122656249999997 0.78125 0.5020911458333333 0.78125 0.5020911458333333 0.573890625
4 0.15104557291666665 0.41271744791666665 0.27276692708333333 0.41271744791666665 0.27276692708333333 0.32041796875 0.15104557291666665 0.32041796875 0.15104557291666665 0.41271744791666665
3 0.24132421874999999 0.34799609375 0.4597330729166666 0.34799609375 0.4597330729166666 0.21875 0.24132421874999999 0.21875 0.24132421874999999 0.34799609375
3 0.6224023437499999 0.34720703124999996 0.8660091145833333 0.34720703124999996 0.8660091145833333 0.22089713541666667 0.6224023437499999 0.22089713541666667 0.6224023437499999 0.34720703124999996
3 0.6050390625 0.4379752604166667 0.8336640624999999 0.4379752604166667 0.8336640624999999 0.33059244791666664 0.6050390625 0.33059244791666664 0.6050390625 0.4379752604166667
5 0.84288671875 0.39219791666666665 0.9914414062499999 0.39219791666666665 0.9914414062499999 0.29184895833333335 0.84288671875 0.29184895833333335 0.84288671875 0.39219791666666665
5 0.7404557291666667 0.49638151041666667 0.9283307291666667 0.49638151041666667 0.9283307291666667 0.41330078124999997 0.7404557291666667 0.41330078124999997 0.7404557291666667 0.49638151041666667
3 0.450609375 0.3953541666666667 0.6466979166666665 0.3953541666666667 0.6466979166666665 0.21908854166666666 0.450609375 0.21908854166666666 0.450609375 0.3953541666666667