10 0.47351302083333324 0.3281940104166666 0.2819661458333333 0.3281940104166666 0.2819661458333333 0.41259244791666666 0.47351302083333324 0.41259244791666666 0.47351302083333324 0.3281940104166666
10 0.6470898437499999 0.3081484375 0.49989453125 0.3081484375 0.49989453125 0.3904140625 0.6470898437499999 0.3904140625 0.6470898437499999 0.3081484375
9 0.65358984375 0.2355716145833333 0.57253515625 0.2355716145833333 0.57253515625 0.32343359375 0.65358984375 0.32343359375 0.65358984375 0.2355716145833333
9 0.62109375 0.38085546875 0.5572447916666665 0.38085546875 0.5572447916666665 0.47935286458333337 0.62109375 0.47935286458333337 0.62109375 0.38085546875
9 0.5497877604166665 0.22505859374999998 0.3072955729166666 0.22505859374999998 0.3072955729166666 0.33483203125 0.5497877604166665 0.33483203125 0.5497877604166665 0.22505859374999998
9 0.7882643229166668 0.23748307291666668 0.6490013020833333 0.23748307291666668 0.6490013020833333 0.46051692708333325 0.7882643229166668 0.46051692708333325 0.7882643229166668 0.23748307291666668
10 0.8717070312499999 0.4307786458333333 0.7519440104166666 0.4307786458333333 0.7519440104166666 0.5178307291666666 0.8717070312499999 0.5178307291666666 0.8717070312499999 0.4307786458333333
11 0.91978515625 0.5240325520833332 0.84599609375 0.5240325520833332 0.84599609375 0.5870559895833333 0.91978515625 0.5870559895833333 0.91978515625 0.5240325520833332
10 0.6510104166666666 0.4999622395833333 0.5781770833333333 0.4999622395833333 0.5781770833333333 0.60730859375 0.6510104166666666 0.60730859375 0.6510104166666666 0.4999622395833333
9 0.7867369791666666 0.45627604166666663 0.6112473958333333 0.45627604166666663 0.6112473958333333 0.5469375 0.7867369791666666 0.5469375 0.7867369791666666 0.45627604166666663
10 0.5663242187499999 0.4749192708333333 0.4743736979166666 0.4749192708333333 0.4743736979166666 0.5623411458333333 0.5663242187499999 0.5623411458333333 0.5663242187499999 0.4749192708333333
11 0.27632812500000004 0.33832421875 0.20789062500000002 0.33832421875 0.20789062500000002 0.4044934895833333 0.27632812500000004 0.4044934895833333 0.27632812500000004 0.33832421875
9 0.3294716145833333 0.4832052083333333 0.3600578125 0.50078203125 0.38261510416666666 0.5072776041666666 0.3917908854166667 0.5240901041666667 0.41243671875 0.5412846354166666 0.4437877604166666 0.5451057291666667 0.47016822916666656 0.5443416666666666 0.4755208333333333 0.5156838541666666 0.4785796875 0.48817265625 0.47819713541666664 0.47632734374999997 0.45258125 0.46983151041666665 0.4319354166666667 0.46142526041666665 0.4116721354166666 0.4522549479166667 0.38567369791666667 0.4442307291666666 0.35852838541666665 0.43506041666666667 0.3397942708333333 0.4247434895833333 0.32029557291666666 0.41022369791666663 0.29964999999999997 0.3987606770833333 0.28282734375 0.3979963541666667 0.26524036458333333 0.4151908854166667 0.2809158854166667 0.44843385416666665 0.3072963541666667 0.46983151041666665 0.3294716145833333 0.4832052083333333
9 0.21630234374999996 0.5677028645833333 0.23465416666666666 0.5768734375 0.2633286458333333 0.5955963541666666 0.28053333333333336 0.61508359375 0.3034731770833333 0.6334244791666667 0.31609010416666666 0.6425950520833333 0.3378828125 0.6418307291666666 0.3485880208333333 0.6211971354166665 0.3290890625 0.5990354166666666 0.31991328125 0.5753450520833333 0.3145606770833333 0.5596789062499999 0.30079687499999996 0.5405736979166667 0.27709244791666665 0.5241432291666667 0.2560643229166667 0.5207044270833333 0.23656562499999997 0.5077127604166666 0.2140083333333333 0.4909002604166666 0.20253854166666665 0.4844046875 0.19450963541666666 0.4912825520833334 0.19259791666666665 0.5222328125 0.19374479166666667 0.5493619791666666 0.21630234374999996 0.5677028645833333
11 0.41912760416666667 0.6274596354166666 0.3335807291666667 0.6274596354166666 0.3335807291666667 0.6950664062499999 0.41912760416666667 0.6950664062499999 0.41912760416666667 0.6274596354166666
9 0.5621197916666667 0.58396875 0.3866302083333333 0.58396875 0.3866302083333333 0.730984375 0.5621197916666667 0.730984375 0.5621197916666667 0.58396875
9 0.24985156249999996 0.5013726562499999 0.27470286458333326 0.52659140625 0.30146588541666663 0.5449322916666667 0.32517031249999995 0.5712973958333333 0.34390442708333335 0.56021640625 0.33778723958333334 0.5311765625 0.32555260416666665 0.5021367187499999 0.30834791666666667 0.47577161458333334 0.28770208333333336 0.4455856770833333 0.26323307291666664 0.4211309895833333 0.24793984375 0.3955302083333333 0.232646875 0.38062838541666666 0.21658906249999998 0.3691651041666667 0.20626614583333333 0.3733682291666667 0.199384375 0.3867419270833333 0.19364921875000002 0.40126171875 0.20244296874999995 0.4127247395833333 0.2120010416666666 0.45131718749999994 0.2242356770833333 0.46889375 0.24985156249999996 0.5013726562499999
11 0.38284244791666666 0.5612916666666667 0.3283867187499999 0.5612916666666667 0.3283867187499999 0.6146041666666666 0.38284244791666666 0.6146041666666666 0.38284244791666666 0.5612916666666667