9 0.8374830729166666 0.6127513020833333 0.6792773437499999 0.6127513020833333 0.6792773437499999 0.7528841145833333 0.8374830729166666 0.7528841145833333 0.8374830729166666 0.6127513020833333
10 0.9373020833333333 0.46155468749999995 0.7092083333333333 0.46155468749999995 0.7092083333333333 0.6068098958333333 0.9373020833333333 0.6068098958333333 0.9373020833333333 0.46155468749999995
10 0.9456171874999999 0.34537369791666667 0.8058723958333334 0.34537369791666667 0.8058723958333334 0.42598046875 0.9456171874999999 0.42598046875 0.9456171874999999 0.34537369791666667
9 0.82859765625 0.327109375 0.59185546875 0.327109375 0.59185546875 0.42652083333333335 0.82859765625 0.42652083333333335 0.82859765625 0.327109375
10 0.5649348958333332 0.31241145833333334 0.43506510416666666 0.31241145833333334 0.43506510416666666 0.3916354166666666 0.5649348958333332 0.3916354166666666 0.5649348958333332 0.31241145833333334
11 0.26312109375 0.35890234374999996 0.18871744791666664 0.35890234374999996 0.18871744791666664 0.4054309895833333 0.26312109375 0.4054309895833333 0.26312109375 0.35890234374999996
9 0.46063411458333337 0.2980247395833333 0.25446484375 0.2980247395833333 0.25446484375 0.38704296875 0.46063411458333337 0.38704296875 0.46063411458333337 0.2980247395833333
10 0.5527604166666666 0.4395338541666667 0.4637083333333333 0.4395338541666667 0.4637083333333333 0.5415598958333334 0.5527604166666666 0.5415598958333334 0.5527604166666666 0.4395338541666667
9 0.5667786458333334 0.393796875 0.3196171875 0.393796875 0.3196171875 0.4898958333333333 0.5667786458333334 0.4898958333333333 0.5667786458333334 0.393796875
11 0.3216588541666667 0.4424114583333333 0.2539609375 0.4424114583333333 0.2539609375 0.49327604166666666 0.3216588541666667 0.49327604166666666 0.3216588541666667 0.4424114583333333
11 0.2277890625 0.5465559895833334 0.1387890625 0.5465559895833334 0.1387890625 0.62076171875 0.2277890625 0.62076171875 0.2277890625 0.5465559895833334
10 0.08591692708333333 0.6467432291666666 0.10001614583333333 0.6634760416666666 0.12513046874999997 0.6819703125000001 0.14319505208333333 0.6872544270833333 0.17712135416666666 0.6916578124999999 0.20047317708333331 0.6890158854166666 0.21280989583333332 0.6903369791666666 0.23043385416666667 0.7114731770833334 0.2568700520833333 0.7238026041666666 0.26700364583333336 0.7110328124999999 0.27185026041666666 0.69518046875 0.25422630208333336 0.6731635416666666 0.2696473958333333 0.6696408854166667 0.27361276041666666 0.65422890625 0.26303828124999995 0.6436609375 0.24849843749999997 0.6441013020833333 0.23528046875 0.64718359375 0.21853776041666664 0.6418994791666666 0.19782942708333331 0.6295700520833333 0.18240859375 0.62780859375 0.16390338541666666 0.6242859375 0.165225 0.6392575520833332 0.1559723958333333 0.6286893229166666 0.14671979166666665 0.6150388020833333 0.13129895833333333 0.5947830729166667 0.12072447916666666 0.5828940104166667 0.10750651041666666 0.5714450520833333 0.09032317708333333 0.5626382812499999 0.07402083333333334 0.5643997395833333 0.06785234375 0.5740872395833333 0.06961484375 0.6000671875 0.07402083333333334 0.6269278645833334 0.08591692708333333 0.6467432291666666
10 0.5568098958333334 0.56142578125 0.3948880208333333 0.56142578125 0.3948880208333333 0.75443359375 0.5568098958333334 0.75443359375 0.5568098958333334 0.56142578125
9 0.41669661458333324 0.5658333333333333 0.2208502604166666 0.5658333333333333 0.2208502604166666 0.6738385416666667 0.41669661458333324 0.6738385416666667 0.41669661458333324 0.5658333333333333
9 0.6443776041666667 0.48801562499999995 0.5502005208333334 0.48801562499999995 0.5502005208333334 0.6754322916666666 0.6443776041666667 0.6754322916666666 0.6443776041666667 0.48801562499999995
11 0.6259830729166667 0.42153515624999993 0.56121484375 0.42153515624999993 0.56121484375 0.4928138020833333 0.6259830729166667 0.4928138020833333 0.6259830729166667 0.42153515624999993