10 0.46078125 0.29367057291666665 0.31991145833333334 0.29367057291666665 0.31991145833333334 0.4597252604166666 0.46078125 0.4597252604166666 0.46078125 0.29367057291666665
10 0.18488151041666664 0.4604622395833333 0.08973307291666666 0.4604622395833333 0.08973307291666666 0.6033085937499999 0.18488151041666664 0.6033085937499999 0.18488151041666664 0.4604622395833333
9 0.18119791666666665 0.5721341145833334 0.09614583333333333 0.5721341145833334 0.09614583333333333 0.73213671875 0.18119791666666665 0.73213671875 0.18119791666666665 0.5721341145833334
10 0.4681875 0.5623072916666667 0.340421875 0.5623072916666667 0.340421875 0.7243281249999999 0.4681875 0.7243281249999999 0.4681875 0.5623072916666667
10 0.5553515625 0.5055182291666667 0.4479609374999999 0.5055182291666667 0.4479609374999999 0.6104921875 0.5553515625 0.6104921875 0.5553515625 0.5055182291666667
9 0.3609322916666667 0.37842057291666664 0.20154687500000001 0.37842057291666664 0.20154687500000001 0.60457421875 0.3609322916666667 0.60457421875 0.3609322916666667 0.37842057291666664
9 0.8204309895833333 0.5305338541666667 0.6650325520833335 0.5305338541666667 0.6650325520833335 0.6518984375 0.8204309895833333 0.6518984375 0.8204309895833333 0.5305338541666667
11 0.6781380208333332 0.5002044270833333 0.6211640624999999 0.5002044270833333 0.6211640624999999 0.5760872395833333 0.6781380208333332 0.5760872395833333 0.6781380208333332 0.5002044270833333
9 0.8416536458333332 0.39408984375 0.7150286458333334 0.39408984375 0.7150286458333334 0.5362278645833334 0.8416536458333332 0.5362278645833334 0.8416536458333332 0.39408984375
11 0.9087434895833333 0.49735416666666665 0.8291210937499999 0.49735416666666665 0.8291210937499999 0.5982916666666667 0.9087434895833333 0.5982916666666667 0.9087434895833333 0.49735416666666665
9 0.6322916666666666 0.55391015625 0.5291666666666666 0.55391015625 0.5291666666666666 0.6899908854166666 0.6322916666666666 0.6899908854166666 0.6322916666666666 0.55391015625