10 0.18147135416666665 0.4839270833333334 0.043851562499999996 0.4839270833333334 0.043851562499999996 0.5544374999999999 0.18147135416666665 0.5544374999999999 0.18147135416666665 0.4839270833333334
9 0.35481640625 0.48328124999999994 0.15928776041666665 0.48328124999999994 0.15928776041666665 0.5642343750000001 0.35481640625 0.5642343750000001 0.35481640625 0.48328124999999994
10 0.12214192708333331 0.3291536458333333 0.008384114583333338 0.3291536458333333 0.008384114583333338 0.4256223958333333 0.12214192708333331 0.4256223958333333 0.12214192708333331 0.3291536458333333
9 0.2921341145833333 0.3259309895833333 0.08383463541666666 0.3259309895833333 0.08383463541666666 0.46016796875 0.2921341145833333 0.46016796875 0.2921341145833333 0.3259309895833333
11 0.37106770833333325 0.4162135416666667 0.30438541666666663 0.4162135416666667 0.30438541666666663 0.4751197916666666 0.37106770833333325 0.4751197916666666 0.37106770833333325 0.4162135416666667
11 0.43859895833333323 0.29091666666666666 0.36964583333333334 0.29091666666666666 0.36964583333333334 0.3745104166666667 0.43859895833333323 0.3745104166666667 0.43859895833333323 0.29091666666666666
9 0.4934765625 0.3959401041666667 0.40628906249999996 0.3959401041666667 0.40628906249999996 0.5589869791666666 0.4934765625 0.5589869791666666 0.4934765625 0.3959401041666667
9 0.7440403645833333 0.28208203125 0.5492773437499999 0.28208203125 0.5492773437499999 0.37452734374999996 0.7440403645833333 0.37452734374999996 0.7440403645833333 0.28208203125
9 0.8355182291666665 0.31881510416666664 0.7005807291666667 0.31881510416666664 0.7005807291666667 0.42010677083333337 0.8355182291666665 0.42010677083333337 0.8355182291666665 0.31881510416666664
10 0.92941015625 0.33356901041666664 0.8148606770833332 0.33356901041666664 0.8148606770833332 0.4415559895833333 0.92941015625 0.4415559895833333 0.92941015625 0.33356901041666664
10 0.9404114583333332 0.46099609375000006 0.82559375 0.46099609375000006 0.82559375 0.5736393229166666 0.9404114583333332 0.5736393229166666 0.9404114583333332 0.46099609375000006
9 0.8604674479166666 0.4180716145833333 0.65390234375 0.4180716145833333 0.65390234375 0.5200169270833334 0.8604674479166666 0.5200169270833334 0.8604674479166666 0.4180716145833333
9 0.6501458333333333 0.44557031249999995 0.5086354166666667 0.44557031249999995 0.5086354166666667 0.5495078124999999 0.6501458333333333 0.5495078124999999 0.6501458333333333 0.44557031249999995
10 0.6383411458333332 0.5911054687499999 0.5593359375 0.5911054687499999 0.5593359375 0.7163580729166666 0.6383411458333332 0.7163580729166666 0.6383411458333332 0.5911054687499999
9 0.5673841145833333 0.78125 0.6598033854166666 0.78125 0.6598033854166666 0.7024361979166667 0.5673841145833333 0.7024361979166667 0.5673841145833333 0.78125
10 0.46852864583333337 0.5656184895833333 0.3313098958333333 0.5656184895833333 0.3313098958333333 0.6831106770833333 0.46852864583333337 0.6831106770833333 0.46852864583333337 0.5656184895833333
9 0.40239973958333336 0.78125 0.49481901041666665 0.78125 0.49481901041666665 0.6729270833333333 0.40239973958333336 0.6729270833333333 0.40239973958333336 0.78125