10 0.3144661458333333 0.5535911458333332 0.17319010416666664 0.5535911458333332 0.17319010416666664 0.6374296875 0.3144661458333333 0.6374296875 0.3144661458333333 0.5535911458333332
10 0.33003515625 0.4611015625 0.20082421874999995 0.4611015625 0.20082421874999995 0.5407317708333332 0.33003515625 0.5407317708333332 0.33003515625 0.4611015625
9 0.2383138020833333 0.3479609375 0.04670182291666668 0.3479609375 0.04670182291666668 0.5119244791666666 0.2383138020833333 0.5119244791666666 0.2383138020833333 0.3479609375
9 0.42123437499999994 0.30395963541666665 0.17241145833333332 0.30395963541666665 0.17241145833333332 0.44383203125000004 0.42123437499999994 0.44383203125000004 0.42123437499999994 0.30395963541666665
11 0.15242968750000002 0.29882421875 0.09350260416666667 0.29882421875 0.09350260416666667 0.35198307291666664 0.15242968750000002 0.35198307291666664 0.15242968750000002 0.29882421875
11 0.5747643229166667 0.26950260416666666 0.47769921874999993 0.26950260416666666 0.47769921874999993 0.3693723958333333 0.5747643229166667 0.3693723958333333 0.5747643229166667 0.26950260416666666
11 0.5595104166666667 0.48096484375 0.481859375 0.48096484375 0.481859375 0.5408424479166666 0.5595104166666667 0.5408424479166666 0.5595104166666667 0.48096484375
11 0.47658984374999996 0.42827213541666664 0.3979674479166667 0.42827213541666664 0.3979674479166667 0.50136328125 0.47658984374999996 0.50136328125 0.47658984374999996 0.42827213541666664
9 0.4923984375 0.48752604166666663 0.29604947916666663 0.48752604166666663 0.29604947916666663 0.5918958333333333 0.4923984375 0.5918958333333333 0.4923984375 0.48752604166666663
9 0.5435651041666667 0.53408984375 0.4241744791666666 0.53408984375 0.4241744791666666 0.7021341145833333 0.5435651041666667 0.7021341145833333 0.5435651041666667 0.53408984375
10 0.3648268229166666 0.6494427083333333 0.13700130208333333 0.6494427083333333 0.13700130208333333 0.7672291666666666 0.3648268229166666 0.7672291666666666 0.3648268229166666 0.6494427083333333
10 0.71065625 0.6563763020833333 0.50959375 0.6563763020833333 0.50959375 0.77722265625 0.71065625 0.77722265625 0.71065625 0.6563763020833333
10 0.9441666666666666 0.5801093749999999 0.6711354166666667 0.5801093749999999 0.6711354166666667 0.68409375 0.9441666666666666 0.68409375 0.9441666666666666 0.5801093749999999
10 0.9311328124999999 0.3485403645833333 0.6707213541666666 0.3485403645833333 0.6707213541666666 0.47193359374999994 0.9311328124999999 0.47193359374999994 0.9311328124999999 0.3485403645833333
9 0.68084375 0.3594036458333333 0.5309479166666666 0.3594036458333333 0.5309479166666666 0.49483072916666665 0.68084375 0.49483072916666665 0.68084375 0.3594036458333333