7 0.40879036458333334 0.367125 0.27604296875 0.367125 0.27604296875 0.4557343749999999 0.40879036458333334 0.4557343749999999 0.40879036458333334 0.367125
6 0.29206901041666666 0.2353255208333333 0.09315494791666665 0.2353255208333333 0.09315494791666665 0.42451822916666665 0.29206901041666666 0.42451822916666665 0.29206901041666666 0.2353255208333333
6 0 0.255875 0 0.5307604166666666 0.11452604166666665 0.5307604166666666 0.11452604166666665 0.255875 0 0.255875
8 0.14356901041666667 0.5387669270833333 0.07329036458333334 0.5387669270833333 0.07329036458333334 0.60305078125 0.14356901041666667 0.60305078125 0.14356901041666667 0.5387669270833333
7 0.12877343749999998 0.6312382812499999 0.009861979166666668 0.6312382812499999 0.009861979166666668 0.72102734375 0.12877343749999998 0.72102734375 0.12877343749999998 0.6312382812499999
6 0.31782552083333326 0.4780260416666667 0.10342968749999999 0.4780260416666667 0.10342968749999999 0.691453125 0.31782552083333326 0.691453125 0.31782552083333326 0.4780260416666667
8 0.16740755208333333 0.7061770833333333 0.08534765625 0.7061770833333333 0.08534765625 0.7689791666666667 0.16740755208333333 0.7689791666666667 0.16740755208333333 0.7061770833333333
6 0.44481901041666666 0.7072721354166667 0.17398307291666665 0.7072721354166667 0.17398307291666665 0.7812486979166666 0.44481901041666666 0.7812486979166666 0.44481901041666666 0.7072721354166667
7 0.43838020833333324 0.78125 0.5452343749999999 0.78125 0.5452343749999999 0.7298736979166667 0.43838020833333324 0.7298736979166667 0.43838020833333324 0.78125
6 0.6663385416666665 0.3521861979166666 0.4048177083333333 0.3521861979166666 0.4048177083333333 0.4605533854166667 0.6663385416666665 0.4605533854166667 0.6663385416666665 0.3521861979166666
8 0.7815507812499999 0.32916536458333334 0.68633984375 0.32916536458333334 0.68633984375 0.39538151041666664 0.7815507812499999 0.39538151041666664 0.7815507812499999 0.32916536458333334
6 0.9685455729166665 0.4778190104166667 0.7145585937499999 0.4778190104166667 0.7145585937499999 0.5810351562499999 0.9685455729166665 0.5810351562499999 0.9685455729166665 0.4778190104166667
7 0.72524609375 0.5138580729166666 0.6056497395833333 0.5138580729166666 0.6056497395833333 0.6007513020833333 0.72524609375 0.6007513020833333 0.72524609375 0.5138580729166666
6 0.6879830729166667 0.4375364583333333 0.5240013020833334 0.4375364583333333 0.5240013020833334 0.5372239583333334 0.6879830729166667 0.5372239583333334 0.6879830729166667 0.4375364583333333
6 0.9370377604166666 0.260671875 0.7309986979166666 0.260671875 0.7309986979166666 0.4452708333333333 0.9370377604166666 0.4452708333333333 0.9370377604166666 0.260671875
6 0.8668971354166665 0.34340625 0.8668971354166665 0.21875 0.65483203125 0.21875 0.65483203125 0.34340625 0.8668971354166665 0.34340625