10 0.7562421874999999 0.30085937500000004 0.5476848958333334 0.30085937500000004 0.5476848958333334 0.48988541666666663 0.7562421874999999 0.48988541666666663 0.7562421874999999 0.30085937500000004
11 0.4350989583333333 0.22308854166666667 0.36240625 0.22308854166666667 0.36240625 0.30086979166666666 0.4350989583333333 0.30086979166666666 0.4350989583333333 0.22308854166666667
9 0.5311770833333332 0.29791015625 0.390234375 0.29791015625 0.390234375 0.4394752604166666 0.5311770833333332 0.4394752604166666 0.5311770833333332 0.29791015625
10 0.29616927083333333 0.30244661458333333 0.19204947916666665 0.30244661458333333 0.19204947916666665 0.4204231770833333 0.29616927083333333 0.4204231770833333 0.29616927083333333 0.30244661458333333
11 0.17025130208333333 0.2834010416666667 0.10369661458333335 0.2834010416666667 0.10369661458333335 0.35899479166666665 0.17025130208333333 0.35899479166666665 0.17025130208333333 0.2834010416666667
9 0.14231744791666667 0.3744359375 0.15967083333333332 0.39812369791666663 0.16559635416666665 0.420965625 0.18464244791666667 0.4497296875 0.19987942708333334 0.47172552083333336 0.2070747395833333 0.48991458333333326 0.21850234375 0.5093723958333334 0.22696744791666665 0.5296763020833334 0.24347421875 0.549134375 0.2654830729166667 0.5656312499999999 0.2913013020833333 0.56351640625 0.3141567708333334 0.5478653645833333 0.3141567708333334 0.5267153645833333 0.3073846354166666 0.49456744791666657 0.28833854166666667 0.47595546874999994 0.26505989583333334 0.45184453125 0.2510927083333333 0.43492473958333333 0.23246953124999997 0.4091216145833333 0.21892578124999998 0.39516276041666665 0.20792109375 0.37570494791666664 0.19056796874999998 0.3638609375 0.17787057291666666 0.34990182291666666 0.1643265625 0.3575158854166666 0.14824296875 0.36597578124999997 0.14231744791666667 0.3744359375
10 0.32219921875 0.5521653645833333 0.20876953125000003 0.5521653645833333 0.20876953125000003 0.6410169270833334 0.32219921875 0.6410169270833334 0.32219921875 0.5521653645833333
10 0.41404296875 0.60421484375 0.32039973958333334 0.60421484375 0.32039973958333334 0.7108841145833333 0.41404296875 0.7108841145833333 0.41404296875 0.60421484375
10 0.21088281249999996 0.5775598958333333 0.08094531249999998 0.5775598958333333 0.08094531249999998 0.7695286458333334 0.21088281249999996 0.7695286458333334 0.21088281249999996 0.5775598958333333
9 0.22485026041666661 0.78125 0.4051549479166666 0.78125 0.4051549479166666 0.7046458333333334 0.22485026041666661 0.7046458333333334 0.22485026041666661 0.78125
10 0.6851354166666667 0.6368007812500001 0.5833437499999999 0.6368007812500001 0.5833437499999999 0.70612109375 0.6851354166666667 0.70612109375 0.6851354166666667 0.6368007812500001
9 0.5871523437499999 0.5606302083333333 0.41584244791666664 0.5606302083333333 0.41584244791666664 0.6876249999999999 0.5871523437499999 0.6876249999999999 0.5871523437499999 0.5606302083333333
9 0.29183046874999996 0.481603125 0.31172317708333336 0.49979218749999993 0.3223044270833333 0.5188270833333333 0.34769921875 0.5357471354166666 0.36166640625 0.5272869791666667 0.37605703124999995 0.5095210937499999 0.37351744791666663 0.48752526041666666 0.3697080729166667 0.47187421875 0.3658989583333333 0.4541083333333333 0.3544713541666667 0.43591927083333337 0.342196875 0.4274593749999999 0.3307692708333333 0.42449843749999994 0.3307692708333333 0.4139234375 0.3227276041666666 0.39954140625 0.30368125 0.38727447916666663 0.2905606770833333 0.3771223958333333 0.2685515625 0.38600546874999997 0.25077526041666665 0.39911848958333335 0.23892421874999997 0.41476927083333337 0.24611953125000002 0.4274593749999999 0.2579703125 0.44607135416666666 0.27363072916666664 0.4629911458333333 0.29183046874999996 0.481603125
11 0.5724765625 0.4683138020833333 0.5016536458333333 0.4683138020833333 0.5016536458333333 0.5461393229166667 0.5724765625 0.5461393229166667 0.5724765625 0.4683138020833333
9 0.7382916666666667 0.5273307291666667 0.5634843749999999 0.5273307291666667 0.5634843749999999 0.6669140625 0.7382916666666667 0.6669140625 0.7382916666666667 0.5273307291666667
10 0.9049466145833334 0.5610546875 0.7475638020833333 0.5610546875 0.7475638020833333 0.6511848958333333 0.9049466145833334 0.6511848958333333 0.9049466145833334 0.5610546875