10 0.3845286458333333 0.31317057291666667 0.1632734375 0.31317057291666667 0.1632734375 0.4761627604166666 0.3845286458333333 0.4761627604166666 0.3845286458333333 0.31317057291666667
10 0.49921875 0.31508203125 0.3568124999999999 0.31508203125 0.3568124999999999 0.40926171875 0.49921875 0.40926171875 0.49921875 0.31508203125
10 0.24371484375 0.517578125 0.10035286458333333 0.517578125 0.10035286458333333 0.6588385416666667 0.24371484375 0.6588385416666667 0.24371484375 0.517578125
10 0.5455703125 0.5397604166666665 0.33355468750000006 0.5397604166666665 0.33355468750000006 0.6609427083333334 0.5455703125 0.6609427083333334 0.5455703125 0.5397604166666665
10 0.6682265625 0.4610325520833333 0.5392005208333334 0.4610325520833333 0.5392005208333334 0.59261328125 0.6682265625 0.59261328125 0.6682265625 0.4610325520833333
10 0.9578177083333334 0.3637890625 0.8195520833333333 0.3637890625 0.8195520833333333 0.5524713541666666 0.9578177083333334 0.5524713541666666 0.9578177083333334 0.3637890625
11 0.8195507812499999 0.26589973958333335 0.6838346354166667 0.26589973958333335 0.6838346354166667 0.3409856770833333 0.8195507812499999 0.3409856770833333 0.8195507812499999 0.26589973958333335
9 0.6811276041666667 0.24992447916666669 0.4778723958333334 0.24992447916666669 0.4778723958333334 0.3965182291666666 0.6811276041666667 0.3965182291666666 0.6811276041666667 0.24992447916666669
9 0.8550742187499999 0.31209375 0.6921184895833333 0.31209375 0.6921184895833333 0.46197395833333327 0.8550742187499999 0.46197395833333327 0.8550742187499999 0.31209375
9 0.7716041666666666 0.46899609374999995 0.6714114583333334 0.46899609374999995 0.6714114583333334 0.7579674479166667 0.7716041666666666 0.7579674479166667 0.7716041666666666 0.46899609374999995
9 0.3389700520833333 0.6537747395833333 0.2174309895833333 0.6537747395833333 0.2174309895833333 0.77696484375 0.3389700520833333 0.77696484375 0.3389700520833333 0.6537747395833333