10 0.35545442708333336 0.5153828125000001 0.16359244791666666 0.5153828125000001 0.16359244791666666 0.6543463541666666 0.35545442708333336 0.6543463541666666 0.35545442708333336 0.5153828125000001
11 0.09791536458333333 0.3807786458333333 0.00048046874999999967 0.3807786458333333 0.00048046874999999967 0.46199739583333327 0.09791536458333333 0.46199739583333327 0.09791536458333333 0.3807786458333333
9 0.22253385416666666 0.41915104166666667 0.08780989583333333 0.41915104166666667 0.08780989583333333 0.551921875 0.22253385416666666 0.551921875 0.22253385416666666 0.41915104166666667
10 0.40454296875000006 0.23196614583333336 0.19830078125 0.23196614583333336 0.19830078125 0.4561119791666666 0.40454296875000006 0.4561119791666666 0.40454296875000006 0.23196614583333336
10 0.5225807291666666 0.276578125 0.38887760416666667 0.276578125 0.38887760416666667 0.47971874999999997 0.5225807291666666 0.47971874999999997 0.5225807291666666 0.276578125
10 0.6755989583333333 0.2704713541666667 0.5515520833333334 0.2704713541666667 0.5515520833333334 0.40785677083333327 0.6755989583333333 0.40785677083333327 0.6755989583333333 0.2704713541666667
10 0.7569687500000001 0.3586263020833333 0.6173177083333333 0.3586263020833333 0.6173177083333333 0.45774348958333333 0.7569687500000001 0.45774348958333333 0.7569687500000001 0.3586263020833333
9 0.9505755208333333 0.35617838541666663 0.7442734375000001 0.35617838541666663 0.7442734375000001 0.46647265625 0.9505755208333333 0.46647265625 0.9505755208333333 0.35617838541666663
11 0.7046015625 0.4672643229166667 0.5500338541666666 0.4672643229166667 0.5500338541666666 0.5643815104166666 0.7046015625 0.5643815104166666 0.7046015625 0.4672643229166667
10 0.34277864583333334 0.78125 0.4510078125 0.78125 0.4510078125 0.6830885416666665 0.34277864583333334 0.6830885416666665 0.34277864583333334 0.78125
9 0.5736783854166667 0.5124921875 0.41419140624999995 0.5124921875 0.41419140624999995 0.6995078124999999 0.5736783854166667 0.6995078124999999 0.5736783854166667 0.5124921875
9 0.5443190104166666 0.78125 0.7982278645833334 0.78125 0.7982278645833334 0.5823177083333333 0.5443190104166666 0.5823177083333333 0.5443190104166666 0.78125