4 0.12587369791666664 0.59796484375 0.23150651041666662 0.59796484375 0.23150651041666662 0.48361328124999997 0.12587369791666664 0.48361328124999997 0.12587369791666664 0.59796484375
4 0.19965885416666668 0.6350598958333332 0.30802864583333334 0.6350598958333332 0.30802864583333334 0.5330911458333333 0.19965885416666668 0.5330911458333333 0.19965885416666668 0.6350598958333332
4 0.5772604166666666 0.4535234375 0.6685468749999999 0.4535234375 0.6685468749999999 0.34038281249999996 0.5772604166666666 0.34038281249999996 0.5772604166666666 0.4535234375
4 0.7821223958333332 0.7416119791666667 0.8831223958333332 0.7416119791666667 0.8831223958333332 0.6424661458333334 0.7821223958333332 0.6424661458333334 0.7821223958333332 0.7416119791666667
5 0.9975130208333333 0.5721549479166667 0.9105963541666666 0.5721549479166667 0.9105963541666666 0.78125 0.9975130208333333 0.78125 0.9975130208333333 0.5721549479166667
5 0.7995026041666666 0.6337864583333332 0.6336848958333332 0.6337864583333332 0.6336848958333332 0.78125 0.7995026041666666 0.78125 0.7995026041666666 0.6337864583333332
5 0.5399583333333333 0.566078125 0.43663541666666655 0.566078125 0.43663541666666655 0.78125 0.5399583333333333 0.78125 0.5399583333333333 0.566078125
5 0.29948437499999997 0.3382890625 0.40584895833333334 0.3382890625 0.40584895833333334 0.22059114583333334 0.29948437499999997 0.22059114583333334 0.29948437499999997 0.3382890625
5 0.3897604166666666 0.48114973958333335 0.5415364583333333 0.48114973958333335 0.5415364583333333 0.2848294270833333 0.3897604166666666 0.2848294270833333 0.3897604166666666 0.48114973958333335
5 0.39814843749999995 0.5663919270833333 0.5573151041666666 0.5663919270833333 0.5573151041666666 0.34038411458333334 0.39814843749999995 0.34038411458333334 0.39814843749999995 0.5663919270833333
5 0.6814283854166666 0.46141927083333334 0.8389466145833332 0.46141927083333334 0.8389466145833332 0.29958593749999995 0.6814283854166666 0.29958593749999995 0.6814283854166666 0.46141927083333334
5 0.6432330729166666 0.47404557291666666 0.7269231770833333 0.47404557291666666 0.7269231770833333 0.2917721354166667 0.6432330729166666 0.2917721354166667 0.6432330729166666 0.47404557291666666
5 0.38281640624999996 0.7534531250000001 0.5281263020833333 0.7534531250000001 0.5281263020833333 0.5686822916666666 0.38281640624999996 0.5686822916666666 0.38281640624999996 0.7534531250000001
3 0.7039986979166667 0.6176966145833334 0.86813671875 0.6176966145833334 0.86813671875 0.37857942708333325 0.7039986979166667 0.37857942708333325 0.7039986979166667 0.6176966145833334
3 0.6325065104166666 0.6240104166666667 0.72534765625 0.6240104166666667 0.72534765625 0.38465625000000003 0.6325065104166666 0.38465625000000003 0.6325065104166666 0.6240104166666667
3 0.18498697916666668 0.49614453124999996 0.35062760416666666 0.49614453124999996 0.35062760416666666 0.26573046875 0.18498697916666668 0.26573046875 0.18498697916666668 0.49614453124999996
3 0.3016861979166666 0.5940182291666666 0.46264713541666663 0.5940182291666666 0.46264713541666663 0.3824505208333333 0.3016861979166666 0.3824505208333333 0.3016861979166666 0.5940182291666666
3 0.49392708333333335 0.4432643229166667 0.6448802083333334 0.4432643229166667 0.6448802083333334 0.23535026041666668 0.49392708333333335 0.23535026041666668 0.49392708333333335 0.4432643229166667
3 0.4743684895833333 0.6240104166666667 0.62437109375 0.6240104166666667 0.62437109375 0.44107812499999993 0.4743684895833333 0.44107812499999993 0.4743684895833333 0.6240104166666667
3 0.636203125 0.6130299479166667 0.5546927083333333 0.6130299479166667 0.5546927083333333 0.78125 0.636203125 0.78125 0.636203125 0.6130299479166667