4 0.4594934895833333 0.5330937499999999 0.35938151041666666 0.5330937499999999 0.35938151041666666 0.6532135416666667 0.4594934895833333 0.6532135416666667 0.4594934895833333 0.5330937499999999
4 0.9999986979166667 0.32215494791666666 0.93663671875 0.32215494791666666 0.93663671875 0.47720442708333327 0.9999986979166667 0.47720442708333327 0.9999986979166667 0.32215494791666666
4 0.9999986979166666 0.46625260416666664 0.9117877604166666 0.46625260416666664 0.9117877604166666 0.6145390624999999 0.9999986979166666 0.6145390624999999 0.9999986979166666 0.46625260416666664
4 0.6046471354166666 0.6850026041666666 0.48264453124999995 0.6850026041666666 0.48264453124999995 0.7731848958333334 0.6046471354166666 0.7731848958333334 0.6046471354166666 0.6850026041666666
4 0.33327083333333335 0.39507031249999996 0.260421875 0.39507031249999996 0.260421875 0.5277161458333334 0.33327083333333335 0.5277161458333334 0.33327083333333335 0.39507031249999996
4 0.27252734375000004 0.2648645833333333 0.18229557291666665 0.2648645833333333 0.18229557291666665 0.36196875 0.27252734375000004 0.36196875 0.27252734375000004 0.2648645833333333
3 0.26306119791666666 0.28569531249999996 0.061636718749999986 0.28569531249999996 0.061636718749999986 0.4345807291666667 0.26306119791666666 0.4345807291666667 0.26306119791666666 0.28569531249999996
3 0.35614973958333335 0.45844010416666664 0.14757421874999999 0.45844010416666664 0.14757421874999999 0.6350598958333333 0.35614973958333335 0.6350598958333333 0.35614973958333335 0.45844010416666664
3 0.949390625 0.25184244791666666 0.7421927083333333 0.25184244791666666 0.7421927083333333 0.4006419270833333 0.949390625 0.4006419270833333 0.949390625 0.25184244791666666
3 0.6803802083333332 0.4975013020833333 0.5225729166666666 0.4975013020833333 0.5225729166666666 0.71398828125 0.6803802083333332 0.71398828125 0.6803802083333332 0.4975013020833333
3 0.5588919270833334 0.47493359375 0.3854205729166666 0.47493359375 0.3854205729166666 0.6729466145833334 0.5588919270833334 0.6729466145833334 0.5588919270833334 0.47493359375
3 0.7324479166666666 0.46017578124999997 0.5859427083333333 0.46017578124999997 0.5859427083333333 0.7029388020833334 0.7324479166666666 0.7029388020833334 0.7324479166666666 0.46017578124999997
3 0.38139322916666674 0.23187630208333335 0.2222265625 0.23187630208333335 0.2222265625 0.46220703125 0.38139322916666674 0.46220703125 0.38139322916666674 0.23187630208333335