7 0.2751510416666667 0.4388528645833333 0.41607812499999997 0.4388528645833333 0.41607812499999997 0.35223567708333337 0.2751510416666667 0.35223567708333337 0.2751510416666667 0.4388528645833333
6 0.40742838541666665 0.44961979166666666 0.6888059895833333 0.44961979166666666 0.6888059895833333 0.33978125 0.40742838541666665 0.33978125 0.40742838541666665 0.44961979166666666
6 0.11032291666666665 0.42429296875 0.29470312499999995 0.42429296875 0.29470312499999995 0.23862890625 0.11032291666666665 0.23862890625 0.11032291666666665 0.42429296875
6 0.0010924479166666647 0.5256002604166665 0.11643880208333332 0.5256002604166665 0.11643880208333332 0.25610807291666665 0.0010924479166666647 0.25610807291666665 0.0010924479166666647 0.5256002604166665
6 0.24576822916666666 0.7101523437499999 0.4533046875 0.7101523437499999 0.4533046875 0.5291809895833334 0.24576822916666666 0.5291809895833334 0.24576822916666666 0.7101523437499999
6 0.13216796874999998 0.6699791666666666 0.32703515625 0.6699791666666666 0.32703515625 0.46998437499999995 0.13216796874999998 0.46998437499999995 0.13216796874999998 0.6699791666666666
7 0.00808203125 0.7302382812499999 0.12452213541666665 0.7302382812499999 0.12452213541666665 0.6263971354166666 0.00808203125 0.6263971354166666 0.00808203125 0.7302382812499999
7 0.42053515625 0.5756588541666666 0.5253971354166667 0.5756588541666666 0.5253971354166667 0.4756588541666666 0.42053515625 0.4756588541666666 0.42053515625 0.5756588541666666
8 0.24358333333333332 0.67795703125 0.14527604166666666 0.67795703125 0.14527604166666666 0.78125 0.24358333333333332 0.78125 0.24358333333333332 0.67795703125
6 0.5221197916666667 0.5389804687499999 0.7106510416666667 0.5389804687499999 0.7106510416666667 0.43851953125 0.5221197916666667 0.43851953125 0.5221197916666667 0.5389804687499999
6 0.7089036458333332 0.594 0.9719296875 0.594 0.9719296875 0.47065625000000005 0.7089036458333332 0.47065625000000005 0.7089036458333332 0.594
7 0.6022942708333333 0.6044804687499999 0.7283463541666666 0.6044804687499999 0.7283463541666666 0.50908203125 0.6022942708333333 0.50908203125 0.6022942708333333 0.6044804687499999
8 0.6933658854166667 0.39066796875 0.7909205729166666 0.39066796875 0.7909205729166666 0.32247265625 0.6933658854166667 0.32247265625 0.6933658854166667 0.39066796875
6 0.7341888020833333 0.4453697916666666 0.94286328125 0.4453697916666666 0.94286328125 0.2725208333333333 0.7341888020833333 0.2725208333333333 0.7341888020833333 0.4453697916666666
6 0.6376184895833334 0.21875 0.6376184895833334 0.3249375 0.87527734375 0.3249375 0.87527734375 0.21875 0.6376184895833334 0.21875