4 0.16839583333333333 0.597328125 0.031255208333333326 0.597328125 0.031255208333333326 0.7029375 0.16839583333333333 0.7029375 0.16839583333333333 0.597328125
4 0.32932812499999997 0.21972265625 0.21094270833333334 0.21972265625 0.21094270833333334 0.31461067708333335 0.32932812499999997 0.31461067708333335 0.32932812499999997 0.21972265625
4 0.24570442708333334 0.44107942708333336 0.11979557291666665 0.44107942708333336 0.11979557291666665 0.5229830729166667 0.24570442708333334 0.5229830729166667 0.24570442708333334 0.44107942708333336
4 0.6283151041666667 0.46885546875 0.5251796875 0.46885546875 0.5251796875 0.5656028645833333 0.6283151041666667 0.5656028645833333 0.6283151041666667 0.46885546875
4 0.7032591145833333 0.28309244791666666 0.58507421875 0.28309244791666666 0.58507421875 0.37538671875 0.7032591145833333 0.37538671875 0.7032591145833333 0.28309244791666666
4 0.40505989583333324 0.6337864583333334 0.31621614583333335 0.6337864583333334 0.31621614583333335 0.7376666666666667 0.40505989583333324 0.7376666666666667 0.40505989583333324 0.6337864583333334
4 0.27962760416666665 0.64073046875 0.17795572916666663 0.64073046875 0.17795572916666663 0.7329309895833334 0.27962760416666665 0.7329309895833334 0.27962760416666665 0.64073046875
4 0.5928138020833333 0.5417721354166666 0.5026080729166666 0.5417721354166666 0.5026080729166666 0.65716015625 0.5928138020833333 0.65716015625 0.5928138020833333 0.5417721354166666
5 0.9446575520833334 0.25444661458333334 0.79514453125 0.25444661458333334 0.79514453125 0.35960026041666665 0.9446575520833334 0.35960026041666665 0.9446575520833334 0.25444661458333334
5 0.8984440104166665 0.34223567708333336 0.75926953125 0.34223567708333336 0.75926953125 0.4723268229166667 0.8984440104166665 0.4723268229166667 0.8984440104166665 0.34223567708333336
5 0.5738815104166666 0.27527994791666666 0.4531289062499999 0.27527994791666666 0.4531289062499999 0.3627565104166667 0.5738815104166666 0.3627565104166667 0.5738815104166666 0.27527994791666666
3 0.4634361979166666 0.3311471354166667 0.23872005208333338 0.3311471354166667 0.23872005208333338 0.4708893229166666 0.4634361979166666 0.4708893229166666 0.4634361979166666 0.3311471354166667
3 0.31354947916666664 0.5023125 0.13455468750000002 0.5023125 0.13455468750000002 0.6295364583333333 0.31354947916666664 0.6295364583333333 0.31354947916666664 0.5023125
3 0.82237890625 0.3129075520833333 0.6033033854166666 0.3129075520833333 0.6033033854166666 0.4882539062499999 0.82237890625 0.4882539062499999 0.82237890625 0.3129075520833333
3 0.7950963541666667 0.42037499999999994 0.5943932291666667 0.42037499999999994 0.5943932291666667 0.597328125 0.7950963541666667 0.597328125 0.7950963541666667 0.42037499999999994
3 0.5857135416666667 0.3436106770833333 0.36892708333333335 0.3436106770833333 0.36892708333333335 0.4882539062499999 0.5857135416666667 0.4882539062499999 0.5857135416666667 0.3436106770833333
3 0.54626953125 0.45723437499999997 0.3767408854166666 0.45723437499999997 0.3767408854166666 0.6532135416666666 0.54626953125 0.6532135416666666 0.54626953125 0.45723437499999997
3 0.44608333333333333 0.4779127604166666 0.24219270833333334 0.4779127604166666 0.24219270833333334 0.65873828125 0.44608333333333333 0.65873828125 0.44608333333333333 0.4779127604166666