7 0.11410156249999999 0.400296875 0.22276822916666666 0.400296875 0.22276822916666666 0.310765625 0.11410156249999999 0.310765625 0.11410156249999999 0.400296875
6 0.22745833333333332 0.38775390625 0.43685416666666665 0.38775390625 0.43685416666666665 0.29138151041666666 0.22745833333333332 0.29138151041666666 0.22745833333333332 0.38775390625
7 0.18694401041666667 0.56098046875 0.27621744791666664 0.56098046875 0.27621744791666664 0.4421549479166666 0.18694401041666667 0.4421549479166666 0.18694401041666667 0.56098046875
8 0.23544921875 0.6333619791666667 0.33864453125 0.6333619791666667 0.33864453125 0.5525338541666667 0.23544921875 0.5525338541666667 0.23544921875 0.6333619791666667
7 0.36294921874999997 0.21875 0.36294921874999997 0.27566145833333333 0.5131028645833333 0.27566145833333333 0.5131028645833333 0.21875 0.36294921874999997 0.21875
7 0.45487760416666667 0.3489817708333333 0.5930963541666665 0.3489817708333333 0.5930963541666665 0.26471093749999997 0.45487760416666667 0.26471093749999997 0.45487760416666667 0.3489817708333333
6 0.5789544270833333 0.32468880208333334 0.8538476562499999 0.32468880208333334 0.8538476562499999 0.21875 0.5789544270833333 0.21875 0.5789544270833333 0.32468880208333334
7 0.7822499999999999 0.3631341145833333 0.8805833333333333 0.3631341145833333 0.8805833333333333 0.26913151041666666 0.7822499999999999 0.26913151041666666 0.7822499999999999 0.3631341145833333
6 0.6147526041666667 0.38212890625 0.7932994791666667 0.38212890625 0.7932994791666667 0.29951692708333333 0.6147526041666667 0.29951692708333333 0.6147526041666667 0.38212890625
6 0.38593359374999997 0.61145703125 0.5673528645833332 0.61145703125 0.5673528645833332 0.40392838541666665 0.38593359374999997 0.40392838541666665 0.38593359374999997 0.61145703125
7 0.2940052083333333 0.6850546875 0.40305729166666654 0.6850546875 0.40305729166666654 0.5881067708333333 0.2940052083333333 0.5881067708333333 0.2940052083333333 0.6850546875
7 0.5721041666666666 0.46941015625000004 0.6822604166666666 0.46941015625000004 0.6822604166666666 0.3746471354166666 0.5721041666666666 0.3746471354166666 0.5721041666666666 0.46941015625000004
8 0.8657786458333334 0.2812838541666666 0.9874244791666665 0.2812838541666666 0.9874244791666665 0.22107031250000003 0.8657786458333334 0.22107031250000003 0.8657786458333334 0.2812838541666666
6 0.25909375 0.5019830729166667 0.4566458333333333 0.5019830729166667 0.4566458333333333 0.3590950520833333 0.25909375 0.3590950520833333 0.25909375 0.5019830729166667