4 0.09502994791666666 0.5721536458333333 0.0000013020833333321491 0.5721536458333333 0.0000013020833333321491 0.6832057291666667 0.09502994791666666 0.6832057291666667 0.09502994791666666 0.5721536458333333
4 0.23150651041666662 0.35427343749999995 0.09722786458333332 0.35427343749999995 0.09722786458333332 0.4353723958333333 0.23150651041666662 0.4353723958333333 0.23150651041666662 0.35427343749999995
4 0.43819401041666667 0.24837109375000002 0.3237903645833333 0.24837109375000002 0.3237903645833333 0.32960807291666666 0.43819401041666667 0.32960807291666666 0.43819401041666667 0.24837109375000002
4 0.2804153645833333 0.26573046875 0.1918450520833333 0.26573046875 0.1918450520833333 0.37380598958333333 0.2804153645833333 0.37380598958333333 0.2804153645833333 0.26573046875
4 0.72376953125 0.52267578125 0.60069921875 0.52267578125 0.60069921875 0.6184856770833334 0.72376953125 0.6184856770833334 0.72376953125 0.52267578125
4 0.3987486979166667 0.6676419270833334 0.2699700520833333 0.6676419270833334 0.2699700520833333 0.7605559895833334 0.3987486979166667 0.7605559895833334 0.3987486979166667 0.6676419270833334
4 0.5659765625000001 0.78125 0.6827473958333333 0.78125 0.6827473958333333 0.7119114583333332 0.5659765625000001 0.7119114583333332 0.5659765625000001 0.78125
5 1 0.7812486979166666 1 0.57041796875 0.8958385416666668 0.57041796875 0.8958385416666668 0.7812486979166666 1 0.7812486979166666
5 0.9470234375000001 0.44889062499999993 0.7977473958333332 0.44889062499999993 0.7977473958333332 0.56165625 0.9470234375000001 0.56165625 0.9470234375000001 0.44889062499999993
3 0.8499908854166666 0.5478489583333334 0.66233203125 0.5478489583333334 0.66233203125 0.701359375 0.8499908854166666 0.701359375 0.8499908854166666 0.5478489583333334
3 0.8184348958333333 0.22927343749999998 0.6519140625000001 0.22927343749999998 0.6519140625000001 0.40459114583333333 0.8184348958333333 0.40459114583333333 0.8184348958333333 0.22927343749999998
3 0.31118229166666667 0.5322252604166666 0.11719270833333333 0.5322252604166666 0.11719270833333333 0.65558203125 0.31118229166666667 0.65558203125 0.31118229166666667 0.5322252604166666
3 0.5328606770833333 0.3568763020833333 0.34201953124999995 0.3568763020833333 0.34201953124999995 0.5569205729166666 0.5328606770833333 0.5569205729166666 0.5328606770833333 0.3568763020833333
3 0.37902604166666665 0.378578125 0.22917187499999997 0.378578125 0.22917187499999997 0.5427135416666666 0.37902604166666665 0.5427135416666666 0.37902604166666665 0.378578125
5 0.5013046875 0.49316145833333325 0.3758723958333333 0.49316145833333325 0.3758723958333333 0.642953125 0.5013046875 0.642953125 0.5013046875 0.49316145833333325
5 0.5675703124999999 0.5226757812499999 0.4548671875 0.5226757812499999 0.4548671875 0.65952734375 0.5675703124999999 0.65952734375 0.5675703124999999 0.5226757812499999
3 0.6046484375 0.6181627604166666 0.4132005208333333 0.6181627604166666 0.4132005208333333 0.7226705729166667 0.6046484375 0.7226705729166667 0.6046484375 0.6181627604166666