4 0.43576822916666663 0.309875 0.3151276041666667 0.309875 0.3151276041666667 0.4124322916666666 0.43576822916666663 0.4124322916666666 0.43576822916666663 0.309875
4 0.8918020833333333 0.3603502604166666 0.7994843749999999 0.3603502604166666 0.7994843749999999 0.46220703125 0.8918020833333333 0.46220703125 0.8918020833333333 0.3603502604166666
4 0.06978515625000001 0.5330937499999999 0.000006510416666668147 0.5330937499999999 0.000006510416666668147 0.6342708333333332 0.06978515625000001 0.6342708333333332 0.06978515625000001 0.5330937499999999
4 0.7837239583333333 0.6502799479166667 0.7074687500000001 0.6502799479166667 0.7074687500000001 0.76687109375 0.7837239583333333 0.76687109375 0.7837239583333333 0.6502799479166667
4 0.87279296875 0.6634739583333333 0.78687890625 0.6634739583333333 0.78687890625 0.7606041666666667 0.87279296875 0.7606041666666667 0.87279296875 0.6634739583333333
3 0.3963828125 0.40809114583333334 0.2699713541666667 0.40809114583333334 0.2699713541666667 0.6397942708333333 0.3963828125 0.6397942708333333 0.3963828125 0.40809114583333334
3 0.39322786458333325 0.23101041666666666 0.17448567708333332 0.23101041666666666 0.17448567708333332 0.3998541666666667 0.39322786458333325 0.3998541666666667 0.39322786458333325 0.23101041666666666
3 0.8176471354166666 0.4271888020833333 0.6441028645833333 0.4271888020833333 0.6441028645833333 0.6271653645833333 0.8176471354166666 0.6271653645833333 0.8176471354166666 0.4271888020833333
3 0.3096041666666667 0.5044479166666667 0.09809374999999998 0.5044479166666667 0.09809374999999998 0.61375 0.3096041666666667 0.61375 0.3096041666666667 0.5044479166666667
5 0.42557161458333337 0.4202447916666666 0.2673658854166666 0.4202447916666666 0.2673658854166666 0.5371874999999999 0.42557161458333337 0.5371874999999999 0.42557161458333337 0.4202447916666666
5 0.48871875 0.78125 0.6464583333333334 0.78125 0.6464583333333334 0.566078125 0.48871875 0.566078125 0.48871875 0.78125
5 0.6067747395833333 0.78125 0.7419127604166667 0.78125 0.7419127604166667 0.57736328125 0.6067747395833333 0.57736328125 0.6067747395833333 0.78125
5 0.9158033854166666 0.78125 0.9999986979166667 0.78125 0.9999986979166667 0.5843072916666665 0.9158033854166666 0.5843072916666665 0.9158033854166666 0.78125
5 1 0.5332421875 1 0.3403828125 0.9071236979166667 0.3403828125 0.9071236979166667 0.5332421875 1 0.5332421875
5 0.17274869791666667 0.78125 0.3735065104166666 0.78125 0.3735065104166666 0.6034049479166667 0.17274869791666667 0.6034049479166667 0.17274869791666667 0.78125