10 0.3935651041666667 0.35393749999999996 0.5878828125 0.35393749999999996 0.5878828125 0.26561979166666666 0.3935651041666667 0.26561979166666666 0.3935651041666667 0.35393749999999996
9 0.20890182291666665 0.4544565104166667 0.20447630208333328 0.46732317708333326 0.22781041666666665 0.4709416666666667 0.25436328124999996 0.45686901041666667 0.27930677083333333 0.44360052083333334 0.3098825520833334 0.415053125 0.32597526041666663 0.39052656249999995 0.34407942708333333 0.35192708333333333 0.35333255208333336 0.3157403645833333 0.36178125 0.291615625 0.36339062499999997 0.26186197916666665 0.34005625 0.25181015625000003 0.3126989583333333 0.25301640625 0.3018364583333333 0.2634703125 0.29660625 0.2968427083333333 0.2865484375 0.34951458333333335 0.26281197916666665 0.39052656249999995 0.23344296875 0.42510494791666664 0.20890182291666665 0.4544565104166667
9 0.2528546875 0.41440442708333336 0.2745796875 0.37540312499999995 0.2854421875 0.3376078125 0.2753841145833333 0.32474140625 0.25164765624999996 0.32996848958333336 0.23193437499999997 0.3392161458333333 0.20457682291666668 0.36253671875 0.18325416666666666 0.39229036458333333 0.16233385416666665 0.4284770833333333 0.14945989583333336 0.45179765624999996 0.13618333333333332 0.4747158854166667 0.128740625 0.4929273437499999 0.14825286458333334 0.5024593749999999 0.17480572916666665 0.49200520833333333 0.20900234374999999 0.46265364583333335 0.23112968750000001 0.4409416666666667 0.2528546875 0.41440442708333336
9 0.32859036458333335 0.55503046875 0.36238463541666666 0.55864921875 0.3998 0.55020546875 0.45089375 0.5256789062499999 0.47945833333333326 0.5039666666666667 0.4504916666666666 0.47742968750000003 0.43077812499999996 0.45812994791666667 0.41066249999999993 0.4508927083333333 0.37002864583333334 0.46295494791666664 0.3382458333333333 0.47501718749999994 0.28514036458333336 0.4866776041666666 0.25054140625 0.49351276041666664 0.22841406250000001 0.49512109375 0.20417447916666664 0.5004705729166666 0.20749374999999998 0.5212559895833333 0.2340463541666667 0.5381432291666666 0.27065703125 0.5562367187499999 0.31249765625 0.5498033854166666 0.32859036458333335 0.55503046875
10 0.43932812499999996 0.49110026041666666 0.5556979166666667 0.49110026041666666 0.5556979166666667 0.4039153645833333 0.43932812499999996 0.4039153645833333 0.43932812499999996 0.49110026041666666
9 0.5932122395833332 0.4295611979166667 0.7915533854166666 0.4295611979166667 0.7915533854166666 0.22165234374999998 0.5932122395833332 0.22165234374999998 0.5932122395833332 0.4295611979166667
9 0.8555208333333333 0.6080260416666666 0.9929114583333332 0.6080260416666666 0.9929114583333332 0.46567187499999996 0.8555208333333333 0.46567187499999996 0.8555208333333333 0.6080260416666666
9 0.5561997395833332 0.6109630208333333 0.58516640625 0.589653125 0.6338463541666666 0.5566828125 0.6640200520833333 0.5237125 0.68212421875 0.48792760416666664 0.7006304687499999 0.460184375 0.70304453125 0.43686406249999993 0.6785033854166667 0.4175643229166667 0.6499390625 0.42641015624999995 0.62620234375 0.4404828125 0.58556875 0.463803125 0.5602229166666666 0.4867216145833333 0.5264283854166666 0.5160731770833333 0.49705937499999997 0.5385893229166666 0.46869635416666666 0.5703729166666667 0.4717135416666666 0.5832197916666667 0.49705937499999997 0.6077466145833333 0.5159682291666666 0.6286544270833333 0.53085390625 0.6238296875 0.5561997395833332 0.6109630208333333
10 0.7367382812500001 0.7637044270833333 0.8280638020833333 0.7637044270833333 0.8280638020833333 0.6221705729166667 0.7367382812500001 0.6221705729166667 0.7367382812500001 0.7637044270833333
9 0.5758111979166666 0.7009778645833333 0.7592669270833333 0.7009778645833333 0.7592669270833333 0.6037825520833333 0.5758111979166666 0.6037825520833333 0.5758111979166666 0.7009778645833333
11 0.47070833333333334 0.7327747395833333 0.5531822916666667 0.7327747395833333 0.5531822916666667 0.6689388020833332 0.47070833333333334 0.6689388020833332 0.47070833333333334 0.7327747395833333
9 0.2298216145833333 0.7593111979166667 0.39456901041666664 0.7593111979166667 0.39456901041666664 0.59741796875 0.2298216145833333 0.59741796875 0.2298216145833333 0.7593111979166667
10 0.39859374999999997 0.6686953124999999 0.5020885416666666 0.6686953124999999 0.5020885416666666 0.5738932291666666 0.39859374999999997 0.5738932291666666 0.39859374999999997 0.6686953124999999
11 0.6860286458333332 0.43086328125 0.7668880208333333 0.43086328125 0.7668880208333333 0.37566276041666663 0.6860286458333332 0.37566276041666663 0.6860286458333332 0.43086328125