10 0.07999348958333334 0.4736015625 0.2850846354166666 0.4736015625 0.2850846354166666 0.2998984375 0.07999348958333334 0.2998984375 0.07999348958333334 0.4736015625
10 0.23323307291666664 0.39346484375 0.4346627604166667 0.39346484375 0.4346627604166667 0.2748424479166666 0.23323307291666664 0.2748424479166666 0.23323307291666664 0.39346484375
10 0.4292682291666666 0.47051953125 0.5387526041666666 0.47051953125 0.5387526041666666 0.31435546875 0.4292682291666666 0.31435546875 0.4292682291666666 0.47051953125
9 0.10890755208333332 0.6350377604166667 0.24961848958333333 0.6350377604166667 0.24961848958333333 0.46277994791666666 0.10890755208333332 0.46277994791666666 0.10890755208333332 0.6350377604166667
10 0.19564713541666665 0.72827734375 0.39225911458333335 0.72827734375 0.39225911458333335 0.6140924479166665 0.19564713541666665 0.6140924479166665 0.19564713541666665 0.72827734375
10 0.5497395833333333 0.6866653645833333 0.7160885416666666 0.6866653645833333 0.7160885416666666 0.5649388020833334 0.5497395833333333 0.5649388020833334 0.5497395833333333 0.6866653645833333
10 0.5454973958333333 0.44701953124999994 0.6700182291666665 0.44701953124999994 0.6700182291666665 0.3317044270833333 0.5454973958333333 0.3317044270833333 0.5454973958333333 0.44701953124999994
9 0.6811979166666665 0.42004947916666663 0.8731822916666665 0.42004947916666663 0.8731822916666665 0.2883359375 0.6811979166666665 0.2883359375 0.6811979166666665 0.42004947916666663
11 0.8053333333333332 0.5025 0.9310104166666667 0.5025 0.9310104166666667 0.40784374999999995 0.8053333333333332 0.40784374999999995 0.8053333333333332 0.5025
9 0.5416432291666666 0.5471940104166666 0.8122734375 0.5471940104166666 0.8122734375 0.44350390624999997 0.5416432291666666 0.44350390624999997 0.5416432291666666 0.5471940104166666
11 0.28335156249999993 0.5595221354166666 0.3697057291666666 0.5595221354166666 0.3697057291666666 0.44928515625000004 0.28335156249999993 0.44928515625000004 0.28335156249999993 0.5595221354166666
9 0.3729817708333333 0.6666302083333333 0.5616901041666666 0.6666302083333333 0.5616901041666666 0.5177135416666666 0.3729817708333333 0.5177135416666666 0.3729817708333333 0.6666302083333333