4 0.14394010416666667 0.4341354166666666 0.0034765625000000057 0.4341354166666666 0.0034765625000000057 0.5687604166666667 0.14394010416666667 0.5687604166666667 0.14394010416666667 0.4341354166666666
4 0.44450520833333335 0.3968072916666666 0.3196927083333333 0.3968072916666666 0.3196927083333333 0.4890416666666667 0.44450520833333335 0.4890416666666667 0.44450520833333335 0.3968072916666666
4 0.26306250000000003 0.4948971354166666 0.14323437499999997 0.4948971354166666 0.14323437499999997 0.5979622395833333 0.26306250000000003 0.5979622395833333 0.26306250000000003 0.4948971354166666
4 0.6653919270833333 0.6138203124999999 0.5572955729166666 0.6138203124999999 0.5572955729166666 0.7210911458333333 0.6653919270833333 0.7210911458333333 0.6653919270833333 0.6138203124999999
4 0.7987122395833333 0.362953125 0.6527825520833332 0.362953125 0.6527825520833332 0.44799999999999995 0.7987122395833333 0.44799999999999995 0.7987122395833333 0.362953125
4 0.31039453124999994 0.23534895833333333 0.22656901041666666 0.23534895833333333 0.22656901041666666 0.32881770833333335 0.31039453124999994 0.32881770833333335 0.31039453124999994 0.23534895833333333
4 0.21572916666666667 0.30913541666666666 0.09115104166666668 0.30913541666666666 0.09115104166666668 0.39117187499999995 0.21572916666666667 0.39117187499999995 0.21572916666666667 0.30913541666666666
3 0.5872916666666665 0.21885677083333333 0.35938020833333334 0.21885677083333333 0.35938020833333334 0.3493411458333333 0.5872916666666665 0.3493411458333333 0.5872916666666665 0.21885677083333333
3 0.34589453125 0.40028125000000003 0.13455338541666667 0.40028125000000003 0.13455338541666667 0.4929895833333333 0.34589453125 0.4929895833333333 0.34589453125 0.40028125000000003
3 0.6393567708333332 0.44107942708333336 0.44878906249999995 0.44107942708333336 0.44878906249999995 0.62637890625 0.6393567708333332 0.62637890625 0.6393567708333332 0.44107942708333336
3 0.6393567708333332 0.3837877604166667 0.48003906249999995 0.3837877604166667 0.48003906249999995 0.4882539062499999 0.6393567708333332 0.4882539062499999 0.6393567708333332 0.3837877604166667
3 0.9280898437499999 0.5476041666666667 0.6666705729166666 0.5476041666666667 0.6666705729166666 0.6634739583333333 0.9280898437499999 0.6634739583333333 0.9280898437499999 0.5476041666666667
5 0.9999986979166667 0.57041796875 0.9001783854166666 0.57041796875 0.9001783854166666 0.7812486979166666 0.9999986979166667 0.7812486979166666 0.9999986979166667 0.57041796875
5 0.71982421875 0.2579192708333333 0.5781289062500001 0.2579192708333333 0.5781289062500001 0.35249739583333334 0.71982421875 0.35249739583333334 0.71982421875 0.2579192708333333
5 0.5983359375 0.31434244791666666 0.42274739583333326 0.31434244791666666 0.42274739583333326 0.40301171875 0.5983359375 0.40301171875 0.5983359375 0.31434244791666666