7 0.0005716145833333389 0.40171354166666673 0.11425130208333334 0.40171354166666673 0.11425130208333334 0.29590625 0.0005716145833333389 0.29590625 0.0005716145833333389 0.40171354166666673
6 0.10900000000000001 0.5116744791666666 0.2711875 0.5116744791666666 0.2711875 0.3312890625 0.10900000000000001 0.3312890625 0.10900000000000001 0.5116744791666666
6 0.12555078125 0.21875 0.12555078125 0.40952604166666673 0.3026888020833333 0.40952604166666673 0.3026888020833333 0.21875 0.12555078125 0.21875
7 0.37094140624999994 0.3165859375 0.47686067708333335 0.3165859375 0.47686067708333335 0.21943489583333334 0.37094140624999994 0.21943489583333334 0.37094140624999994 0.3165859375
6 0.3732252604166667 0.5604010416666666 0.5185195312499999 0.5604010416666666 0.5185195312499999 0.29990104166666665 0.3732252604166667 0.29990104166666665 0.3732252604166667 0.5604010416666666
6 0.5118997395833332 0.21875 0.5118997395833332 0.44085416666666666 0.66666796875 0.44085416666666666 0.66666796875 0.21875 0.5118997395833332 0.21875
6 0.7570625 0.51042578125 0.9393385416666667 0.51042578125 0.9393385416666667 0.24489192708333335 0.7570625 0.24489192708333335 0.7570625 0.51042578125
8 0.7819440104166666 0.6220338541666667 0.8624101562499998 0.6220338541666667 0.8624101562499998 0.5287421875 0.7819440104166666 0.5287421875 0.7819440104166666 0.6220338541666667
7 0.9336302083333333 0.23084895833333335 0.9336302083333333 0.3555052083333333 1 0.3555052083333333 1 0.23084895833333335 0.9336302083333333 0.23084895833333335
6 0.8961940104166667 0.6084492187499999 0.9999986979166666 0.6084492187499999 0.9999986979166666 0.32158723958333335 0.8961940104166667 0.32158723958333335 0.8961940104166667 0.6084492187499999
8 0.8993893229166666 0.6905442708333334 0.9546315104166666 0.6905442708333334 0.9546315104166666 0.6166276041666666 0.8993893229166666 0.6166276041666666 0.8993893229166666 0.6905442708333334
8 0.8194947916666667 0.6814192708333333 0.8911718749999998 0.6814192708333333 0.8911718749999998 0.6194817708333333 0.8194947916666667 0.6194817708333333 0.8194947916666667 0.6814192708333333
7 0.9999986979166666 0.6891041666666666 0.9136575520833332 0.6891041666666666 0.9136575520833332 0.78125 0.9999986979166666 0.78125 0.9999986979166666 0.6891041666666666
8 0.5227434895833334 0.6796289062499999 0.5949908854166667 0.6796289062499999 0.5949908854166667 0.6086367187499999 0.5227434895833334 0.6086367187499999 0.5227434895833334 0.6796289062499999
6 0.9186809895833333 0.6607916666666667 0.6214700520833334 0.6607916666666667 0.6214700520833334 0.78125 0.9186809895833333 0.78125 0.9186809895833333 0.6607916666666667
7 0.41648046875 0.7375755208333332 0.5408893229166667 0.7375755208333332 0.5408893229166667 0.6492890625 0.41648046875 0.6492890625 0.41648046875 0.7375755208333332
7 0.39080078124999995 0.6911380208333333 0.5016263020833334 0.6911380208333333 0.5016263020833334 0.5903776041666666 0.39080078124999995 0.5903776041666666 0.39080078124999995 0.6911380208333333
6 0.1877552083333333 0.7723528645833333 0.40004687499999997 0.7723528645833333 0.40004687499999997 0.6166263020833332 0.1877552083333333 0.6166263020833332 0.1877552083333333 0.7723528645833333
8 0.27084374999999994 0.49730468749999995 0.3402395833333333 0.49730468749999995 0.3402395833333333 0.4214557291666667 0.27084374999999994 0.4214557291666667 0.27084374999999994 0.49730468749999995
8 0.35210937500000006 0.5525143229166667 0.4211614583333333 0.5525143229166667 0.4211614583333333 0.4922200520833333 0.35210937500000006 0.4922200520833333 0.35210937500000006 0.5525143229166667
8 0.16538411458333332 0.7250572916666667 0.08503255208333332 0.7250572916666667 0.08503255208333332 0.78125 0.16538411458333332 0.78125 0.16538411458333332 0.7250572916666667