7 0.11154947916666666 0.29623437499999994 0.005997395833333334 0.29623437499999994 0.005997395833333334 0.40787499999999993 0.11154947916666666 0.40787499999999993 0.11154947916666666 0.29623437499999994
6 0.3173763020833333 0.21947005208333334 0.13793619791666667 0.21947005208333334 0.13793619791666667 0.37526953124999995 0.3173763020833333 0.37526953124999995 0.3173763020833333 0.21947005208333334
6 0.26328125 0.3352161458333333 0.11694791666666667 0.3352161458333333 0.11694791666666667 0.49335677083333335 0.26328125 0.49335677083333335 0.26328125 0.3352161458333333
8 0.33584895833333334 0.4079127604166667 0.2625625 0.4079127604166667 0.2625625 0.4895716145833333 0.33584895833333334 0.4895716145833333 0.33584895833333334 0.4079127604166667
8 0.4192096354166666 0.48634765625 0.3278111979166667 0.48634765625 0.3278111979166667 0.5562200520833332 0.4192096354166666 0.5562200520833332 0.4192096354166666 0.48634765625
6 0.3953424479166666 0.616734375 0.1748815104166666 0.616734375 0.1748815104166666 0.75759375 0.3953424479166666 0.75759375 0.3953424479166666 0.616734375
8 0.1769192708333333 0.7148450520833334 0.09523697916666665 0.7148450520833334 0.09523697916666665 0.7812486979166666 0.1769192708333333 0.7812486979166666 0.1769192708333333 0.7148450520833334
7 0.5121679687499999 0.59430078125 0.40037890624999994 0.59430078125 0.40037890624999994 0.6903606770833333 0.5121679687499999 0.6903606770833333 0.5121679687499999 0.59430078125
7 0.48709895833333333 0.22006901041666665 0.39821874999999995 0.22006901041666665 0.39821874999999995 0.34961328125 0.48709895833333333 0.34961328125 0.48709895833333333 0.22006901041666665
6 0.51252734375 0.3370169270833333 0.3934205729166667 0.3370169270833333 0.3934205729166667 0.5891653645833334 0.51252734375 0.5891653645833334 0.51252734375 0.3370169270833333
6 0.6668984374999999 0.2200703125 0.5128880208333333 0.2200703125 0.5128880208333333 0.4339140625 0.6668984374999999 0.4339140625 0.6668984374999999 0.2200703125
6 0.9287395833333333 0.24046093750000003 0.7821666666666667 0.24046093750000003 0.7821666666666667 0.5043984374999999 0.9287395833333333 0.5043984374999999 0.9287395833333333 0.24046093750000003
8 0.8582135416666666 0.51213671875 0.7821666666666667 0.51213671875 0.7821666666666667 0.6219518229166667 0.8582135416666666 0.6219518229166667 0.8582135416666666 0.51213671875
8 0.97216015625 0.6164908854166666 0.8857981770833334 0.6164908854166666 0.8857981770833334 0.6943580729166666 0.97216015625 0.6943580729166666 0.97216015625 0.6164908854166666
7 0.9999986979166666 0.226796875 0.9376158854166665 0.226796875 0.9376158854166665 0.3363229166666667 0.9999986979166666 0.3363229166666667 0.9999986979166666 0.226796875
6 1 0.6140690104166666 1 0.33844140624999997 0.9009114583333332 0.33844140624999997 0.9009114583333332 0.6140690104166666 1 0.6140690104166666
7 0.9955507812499998 0.70644921875 0.9130273437499998 0.70644921875 0.9130273437499998 0.7812486979166666 0.9955507812499998 0.7812486979166666 0.9955507812499998 0.70644921875
8 0.8684088541666666 0.6584726562500001 0.7997994791666667 0.6584726562500001 0.7997994791666667 0.73796484375 0.8684088541666666 0.73796484375 0.8684088541666666 0.6584726562500001
6 0.7484622395833334 0.78125 0.9133867187499998 0.78125 0.9133867187499998 0.7196445312499999 0.7484622395833334 0.7196445312499999 0.7484622395833334 0.78125