4 0.03646354166666667 0.71635546875 0.15340625000000002 0.71635546875 0.15340625000000002 0.6190299479166667 0.03646354166666667 0.6190299479166667 0.03646354166666667 0.71635546875
4 0.072921875 0.4606276041666667 0.19758333333333333 0.4606276041666667 0.19758333333333333 0.3794453125 0.072921875 0.3794453125 0.072921875 0.4606276041666667
4 0.15625520833333334 0.37380729166666665 0.225984375 0.37380729166666665 0.225984375 0.29784895833333336 0.15625520833333334 0.29784895833333336 0.15625520833333334 0.37380729166666665
4 0.23611588541666664 0.36986197916666663 0.30723828124999997 0.36986197916666663 0.30723828124999997 0.29958593749999995 0.23611588541666664 0.29958593749999995 0.23611588541666664 0.36986197916666663
4 0.64496875 0.6232200520833333 0.7498020833333333 0.6232200520833333 0.7498020833333333 0.52441015625 0.64496875 0.52441015625 0.64496875 0.6232200520833333
4 0.6093802083333333 0.5071966145833333 0.70246875 0.5071966145833333 0.70246875 0.4150377604166667 0.6093802083333333 0.4150377604166667 0.6093802083333333 0.5071966145833333
4 0.3600950520833333 0.7040989583333332 0.26129036458333327 0.7040989583333332 0.26129036458333327 0.78125 0.3600950520833333 0.78125 0.3600950520833333 0.7040989583333332
4 0.13976302083333333 0.7812486979166666 0.22677343749999998 0.7812486979166666 0.22677343749999998 0.68760546875 0.13976302083333333 0.68760546875 0.13976302083333333 0.7812486979166666
4 0.8129127604166666 0.71017578125 0.6623320312499998 0.71017578125 0.6623320312499998 0.78125 0.8129127604166666 0.78125 0.8129127604166666 0.71017578125
3 0.69154296875 0.7013580729166666 0.8563007812500001 0.7013580729166666 0.8563007812500001 0.5027096354166666 0.69154296875 0.5027096354166666 0.69154296875 0.7013580729166666
3 0.35069921875 0.7400325520833333 0.5407486979166667 0.7400325520833333 0.5407486979166667 0.59384765625 0.35069921875 0.59384765625 0.35069921875 0.7400325520833333
3 0.34983072916666663 0.60348828125 0.5746692708333333 0.60348828125 0.5746692708333333 0.45258984375000005 0.34983072916666663 0.45258984375000005 0.34983072916666663 0.60348828125
3 0.13455338541666664 0.6508450520833333 0.36324869791666664 0.6508450520833333 0.36324869791666664 0.49101953125 0.13455338541666664 0.49101953125 0.13455338541666664 0.6508450520833333
5 0.3185807291666667 0.5119322916666667 0.4460807291666667 0.5119322916666667 0.4460807291666667 0.40982812499999993 0.3185807291666667 0.40982812499999993 0.3185807291666667 0.5119322916666667
5 0.4149348958333333 0.40143359375000004 0.5928151041666666 0.40143359375000004 0.5928151041666666 0.32736328124999997 0.4149348958333333 0.32736328124999997 0.4149348958333333 0.40143359375000004
5 0.44531770833333334 0.32960677083333334 0.5754583333333334 0.32960677083333334 0.5754583333333334 0.24923697916666665 0.44531770833333334 0.24923697916666665 0.44531770833333334 0.32960677083333334
5 0.8020950520833333 0.51430078125 0.90126953125 0.51430078125 0.90126953125 0.37076692708333336 0.8020950520833333 0.37076692708333336 0.8020950520833333 0.51430078125
3 0.7066015625000001 0.4961458333333333 0.8184348958333333 0.4961458333333333 0.8184348958333333 0.28222395833333336 0.7066015625000001 0.28222395833333336 0.7066015625000001 0.4961458333333333
3 0.2230950520833333 0.43773828124999997 0.4460820312499999 0.43773828124999997 0.4460820312499999 0.3398294270833333 0.2230950520833333 0.3398294270833333 0.2230950520833333 0.43773828124999997