4 0.28120572916666664 0.35079947916666665 0.15538802083333333 0.35079947916666665 0.15538802083333333 0.47088802083333337 0.28120572916666664 0.47088802083333337 0.28120572916666664 0.35079947916666665
4 0.2851484375 0.48534895833333336 0.18316406249999997 0.48534895833333336 0.18316406249999997 0.5774427083333332 0.2851484375 0.5774427083333332 0.2851484375 0.48534895833333336
4 0.5723033854166666 0.41764062499999993 0.4401080729166666 0.41764062499999993 0.4401080729166666 0.504828125 0.5723033854166666 0.504828125 0.5723033854166666 0.41764062499999993
4 0.6154557291666667 0.43379427083333333 0.5241796875 0.43379427083333333 0.5241796875 0.5443776041666666 0.6154557291666667 0.5443776041666666 0.6154557291666667 0.43379427083333333
4 0.7845130208333334 0.6815286458333333 0.7013932291666667 0.6815286458333333 0.7013932291666667 0.7763411458333334 0.7845130208333334 0.7763411458333334 0.7845130208333334 0.6815286458333333
4 0.9375559895833332 0.6580924479166665 0.8298658854166666 0.6580924479166665 0.8298658854166666 0.7479283854166667 0.9375559895833332 0.7479283854166667 0.9375559895833332 0.6580924479166665
3 0.4516028645833334 0.24457682291666666 0.25694921875 0.24457682291666666 0.25694921875 0.3990638020833333 0.4516028645833334 0.3990638020833333 0.4516028645833334 0.24457682291666666
3 0.4665937499999999 0.3678528645833333 0.27083854166666665 0.3678528645833333 0.27083854166666665 0.5356106770833333 0.4665937499999999 0.5356106770833333 0.4665937499999999 0.3678528645833333
3 0.4673828125 0.4751666666666667 0.2908046875 0.4751666666666667 0.2908046875 0.6240104166666667 0.4673828125 0.6240104166666667 0.4673828125 0.4751666666666667
3 0.5533697916666667 0.50705078125 0.4053802083333332 0.50705078125 0.4053802083333332 0.71319921875 0.5533697916666667 0.71319921875 0.5533697916666667 0.50705078125
3 0.9265117187499999 0.46017447916666665 0.75608203125 0.46017447916666665 0.75608203125 0.6642630208333333 0.9265117187499999 0.6642630208333333 0.9265117187499999 0.46017447916666665
3 0.8010807291666666 0.4636471354166667 0.6944505208333334 0.4636471354166667 0.6944505208333334 0.6689986979166667 0.8010807291666666 0.6689986979166667 0.8010807291666666 0.4636471354166667
4 0.87413671875 0.78125 0.9999986979166667 0.78125 0.9999986979166667 0.5669466145833333 0.87413671875 0.5669466145833333 0.87413671875 0.78125
4 0.8436796874999999 0.33778125 0.7100755208333334 0.33778125 0.7100755208333334 0.4653645833333333 0.8436796874999999 0.4653645833333333 0.8436796874999999 0.33778125
5 0.82080078125 0.2553138020833333 0.7256992187500001 0.2553138020833333 0.7256992187500001 0.4551028645833333 0.82080078125 0.4551028645833333 0.82080078125 0.2553138020833333
5 0.3316953125 0.589515625 0.12934635416666668 0.589515625 0.12934635416666668 0.7321406249999999 0.3316953125 0.7321406249999999 0.3316953125 0.589515625
5 0.25781640625 0.78125 0.41689192708333334 0.78125 0.41689192708333334 0.6311822916666665 0.25781640625 0.6311822916666665 0.25781640625 0.78125