4 0.04167187499999999 0.73766796875 0.17707291666666666 0.73766796875 0.17707291666666666 0.6034049479166665 0.04167187499999999 0.6034049479166665 0.04167187499999999 0.73766796875
4 0.5095533854166667 0.4993046874999999 0.6054361979166666 0.4993046874999999 0.6054361979166666 0.4167734375 0.5095533854166667 0.4167734375 0.5095533854166667 0.4993046874999999
4 0.3454908854166666 0.7637122395833332 0.42951432291666664 0.7637122395833332 0.42951432291666664 0.64854296875 0.3454908854166666 0.64854296875 0.3454908854166666 0.7637122395833332
4 0.23229557291666664 0.70236328125 0.13455338541666667 0.70236328125 0.13455338541666667 0.78125 0.23229557291666664 0.78125 0.23229557291666664 0.70236328125
4 0.5104205729166666 0.5979635416666667 0.58413671875 0.5979635416666667 0.58413671875 0.5061822916666666 0.5104205729166666 0.5061822916666666 0.5104205729166666 0.5979635416666667
4 0.53819921875 0.32881640624999997 0.64961328125 0.32881640624999997 0.64961328125 0.2214596354166667 0.53819921875 0.2214596354166667 0.53819921875 0.32881640624999997
4 0.12934505208333333 0.5356106770833333 0.22598307291666667 0.5356106770833333 0.22598307291666667 0.4341341145833333 0.12934505208333333 0.4341341145833333 0.12934505208333333 0.5356106770833333
4 0.15191536458333332 0.39117187499999995 0.24649609374999998 0.39117187499999995 0.24649609374999998 0.30132291666666666 0.15191536458333332 0.30132291666666666 0.15191536458333332 0.39117187499999995
3 0.6128528645833333 0.43300390625 0.79555859375 0.43300390625 0.79555859375 0.2770065104166667 0.6128528645833333 0.2770065104166667 0.6128528645833333 0.43300390625
3 0.6070156249999998 0.5209401041666666 0.758734375 0.5209401041666666 0.758734375 0.3659140625 0.6070156249999998 0.3659140625 0.6070156249999998 0.5209401041666666
3 0.36632421875 0.44326302083333324 0.5241809895833333 0.44326302083333324 0.5241809895833333 0.29634635416666666 0.36632421875 0.29634635416666666 0.36632421875 0.44326302083333324
3 0.14931119791666667 0.6397942708333333 0.31591796875 0.6397942708333333 0.31591796875 0.5053046875 0.14931119791666667 0.5053046875 0.14931119791666667 0.6397942708333333
3 0.20486588541666664 0.7376666666666667 0.37981640624999996 0.7376666666666667 0.37981640624999996 0.5666197916666667 0.20486588541666664 0.5666197916666667 0.20486588541666664 0.7376666666666667
3 0.3800703124999999 0.6374257812499999 0.5068255208333333 0.6374257812499999 0.5068255208333333 0.4792721354166666 0.3800703124999999 0.4792721354166666 0.3800703124999999 0.6374257812499999
3 0.24132421874999999 0.48036067708333335 0.41058203125000003 0.48036067708333335 0.41058203125000003 0.30698828125 0.24132421874999999 0.30698828125 0.24132421874999999 0.48036067708333335
5 0.7795182291666667 0.3193463541666667 0.9115234375 0.3193463541666667 0.9115234375 0.2292734375 0.7795182291666667 0.2292734375 0.7795182291666667 0.3193463541666667
5 0.7371809895833333 0.38465625000000003 0.8871575520833332 0.38465625000000003 0.8871575520833332 0.27751562500000004 0.7371809895833333 0.27751562500000004 0.7371809895833333 0.38465625000000003
5 0.3941028645833333 0.34302604166666667 0.5060377604166666 0.34302604166666667 0.5060377604166666 0.237953125 0.3941028645833333 0.237953125 0.3941028645833333 0.34302604166666667