4 0.3167057291666666 0.38899609375 0.1866380208333333 0.38899609375 0.1866380208333333 0.5277174479166666 0.3167057291666666 0.5277174479166666 0.3167057291666666 0.38899609375
3 0.48868359375 0.21972395833333333 0.2534778645833333 0.21972395833333333 0.2534778645833333 0.4322135416666667 0.48868359375 0.4322135416666667 0.48868359375 0.21972395833333333
4 0.5841380208333332 0.5591354166666667 0.49913802083333325 0.5591354166666667 0.49913802083333325 0.6982031249999999 0.5841380208333332 0.6982031249999999 0.5841380208333332 0.5591354166666667
3 0.6440911458333333 0.36034895833333336 0.5269140625 0.36034895833333336 0.5269140625 0.5790208333333333 0.6440911458333333 0.5790208333333333 0.6440911458333333 0.36034895833333336
3 0.8476223958333332 0.2874322916666667 0.6284765625000001 0.2874322916666667 0.6284765625000001 0.501671875 0.8476223958333332 0.501671875 0.8476223958333332 0.2874322916666667
3 0.8168580729166667 0.45236197916666665 0.68663671875 0.45236197916666665 0.68663671875 0.6366380208333333 0.8168580729166667 0.6366380208333333 0.8168580729166667 0.45236197916666665
4 0.7182473958333333 0.4072252604166667 0.6163255208333334 0.4072252604166667 0.6163255208333334 0.51587890625 0.7182473958333333 0.51587890625 0.7182473958333333 0.4072252604166667
4 0.82395703125 0.63986328125 0.7230950520833332 0.63986328125 0.7230950520833332 0.7558190104166667 0.82395703125 0.7558190104166667 0.82395703125 0.63986328125
4 0.9257239583333334 0.5383007812499999 0.8255260416666665 0.5383007812499999 0.8255260416666665 0.6721575520833334 0.9257239583333334 0.6721575520833334 0.9257239583333334 0.5383007812499999
3 0.9036510416666665 0.30829817708333335 0.7482239583333332 0.30829817708333335 0.7482239583333332 0.5200716145833333 0.9036510416666665 0.5200716145833333 0.9036510416666665 0.30829817708333335
5 0.9825234374999999 0.5756263020833333 0.8706640624999998 0.5756263020833333 0.8706640624999998 0.7812486979166666 0.9825234374999999 0.7812486979166666 0.9825234374999999 0.5756263020833333