9 0.10532682291666666 0.5077278645833333 0.26082421875 0.5077278645833333 0.26082421875 0.3012408854166667 0.10532682291666666 0.3012408854166667 0.10532682291666666 0.5077278645833333
11 0.11381380208333332 0.5857747395833333 0.17221744791666665 0.5857747395833333 0.17221744791666665 0.5037356770833332 0.11381380208333332 0.5037356770833332 0.11381380208333332 0.5857747395833333
10 0.28952734375 0.21875 0.28952734375 0.33409374999999997 0.38087890625 0.33409374999999997 0.38087890625 0.21875 0.28952734375 0.21875
10 0.3816263020833333 0.35604557291666666 0.5748111979166667 0.35604557291666666 0.5748111979166667 0.26317838541666666 0.3816263020833333 0.26317838541666666 0.3816263020833333 0.35604557291666666
9 0.25121354166666665 0.48277864583333335 0.37314062499999995 0.48277864583333335 0.37314062499999995 0.31247135416666666 0.25121354166666665 0.31247135416666666 0.25121354166666665 0.48277864583333335
9 0.5822994791666667 0.3630221354166666 0.8733255208333333 0.3630221354166666 0.8733255208333333 0.26326953125 0.5822994791666667 0.26326953125 0.5822994791666667 0.3630221354166666
10 0.7200755208333334 0.5415690104166666 0.9816484374999999 0.5415690104166666 0.9816484374999999 0.4641080729166667 0.7200755208333334 0.4641080729166667 0.7200755208333334 0.5415690104166666
11 0.6659140625 0.43805598958333325 0.7587630208333334 0.43805598958333325 0.7587630208333334 0.3586471354166666 0.6659140625 0.3586471354166666 0.6659140625 0.43805598958333325
10 0.6095065104166666 0.6117005208333334 0.7577643229166665 0.6117005208333334 0.7577643229166665 0.5364817708333333 0.6095065104166666 0.5364817708333333 0.6095065104166666 0.6117005208333334
10 0.3937317708333333 0.6831158854166667 0.5081692708333334 0.6831158854166667 0.5081692708333334 0.5649466145833333 0.3937317708333333 0.5649466145833333 0.3937317708333333 0.6831158854166667
9 0.47272864583333335 0.5569091145833334 0.4792179687499999 0.58235234375 0.5071723958333333 0.6222635416666666 0.5296356770833333 0.62176484375 0.56158359375 0.6008114583333333 0.5885395833333333 0.5718757812499999 0.6179916666666667 0.5539156249999999 0.6524354166666666 0.5239822916666667 0.6699067708333333 0.49055651041666665 0.6808890625 0.46112213541666663 0.6868791666666667 0.44016874999999994 0.6734013020833333 0.4227075520833333 0.65742734375 0.41422630208333333 0.622484375 0.42869427083333334 0.572565625 0.46261875 0.53961953125 0.4895588541666666 0.49519192708333326 0.53046796875 0.47272864583333335 0.5569091145833334
9 0.6045135416666666 0.7630260416666667 0.6144973958333333 0.7261080729166667 0.6229833333333332 0.6881924479166667 0.6354630208333333 0.6407979166666666 0.6444484374999999 0.6178489583333333 0.6579265624999999 0.6033809895833333 0.6459460937499999 0.5754432291666667 0.6354630208333333 0.5495010416666666 0.6120013020833334 0.5529932291666666 0.5815510416666666 0.5789354166666667 0.5665755208333334 0.6213411458333333 0.5610843749999999 0.6787135416666666 0.5575901041666667 0.74207265625 0.5685721354166666 0.7615291666666666 0.6045135416666666 0.7630260416666667
11 0.21202994791666666 0.5718020833333333 0.28391276041666663 0.5718020833333333 0.28391276041666663 0.5027864583333332 0.21202994791666666 0.5027864583333332 0.21202994791666666 0.5718020833333333
9 0.3283393229166667 0.7159815104166667 0.3458106770833333 0.7394294270833333 0.37176822916666663 0.7509039062499999 0.39473098958333336 0.7299505208333332 0.39173567708333334 0.68904140625 0.37925624999999996 0.6645958333333333 0.35978802083333333 0.6386536458333334 0.3398205729166667 0.6102169270833333 0.31635885416666665 0.57878671875 0.29339635416666665 0.5613255208333333 0.27243046875 0.5723013020833333 0.2629458333333333 0.5862700520833333 0.27292968749999996 0.6256825520833333 0.27342890625000005 0.65960703125 0.2874059895833333 0.69403046875 0.31486119791666667 0.7030104166666666 0.3283393229166667 0.7159815104166667
10 0.42867708333333326 0.48380729166666664 0.5428645833333332 0.48380729166666664 0.5428645833333332 0.36613541666666666 0.42867708333333326 0.36613541666666666 0.42867708333333326 0.48380729166666664
9 0.2948932291666667 0.5751041666666666 0.4742265625 0.5751041666666666 0.4742265625 0.4254114583333333 0.2948932291666667 0.4254114583333333 0.2948932291666667 0.5751041666666666