10 0.24982552083333331 0.36825520833333336 0.14983072916666668 0.36825520833333336 0.14983072916666668 0.48269270833333333 0.24982552083333331 0.48269270833333333 0.24982552083333331 0.36825520833333336
9 0.24187109375 0.4737682291666667 0.07840494791666665 0.4737682291666667 0.07840494791666665 0.7220234375000001 0.24187109375 0.7220234375000001 0.24187109375 0.4737682291666667
9 0.368 0.3390455729166667 0.27758333333333335 0.3390455729166667 0.27758333333333335 0.5748971354166666 0.368 0.5748971354166666 0.368 0.3390455729166667
11 0.37644140625 0.57766015625 0.32547005208333335 0.57766015625 0.32547005208333335 0.63265234375 0.37644140625 0.63265234375 0.37644140625 0.57766015625
11 0.3059908854166667 0.5516861979166666 0.24527994791666666 0.5516861979166666 0.24527994791666666 0.64368359375 0.3059908854166667 0.64368359375 0.3059908854166667 0.5516861979166666
9 0.29138020833333333 0.78125 0.42838541666666663 0.78125 0.42838541666666663 0.6612604166666666 0.29138020833333333 0.6612604166666666 0.29138020833333333 0.78125
11 0.10252213541666666 0.78125 0.14988932291666668 0.78125 0.14988932291666668 0.71514453125 0.10252213541666666 0.71514453125 0.10252213541666666 0.78125
10 0.7719361979166667 0.5853450520833333 0.61132421875 0.5853450520833333 0.61132421875 0.7048268229166667 0.7719361979166667 0.7048268229166667 0.7719361979166667 0.5853450520833333
9 0.63541796875 0.6224856770833334 0.5310195312499999 0.6224856770833334 0.5310195312499999 0.7812486979166666 0.63541796875 0.7812486979166666 0.63541796875 0.6224856770833334
9 0.49166927083333334 0.3283684895833333 0.37442447916666666 0.3283684895833333 0.37442447916666666 0.4433190104166666 0.49166927083333334 0.4433190104166666 0.49166927083333334 0.3283684895833333
9 0.5215841145833333 0.6104322916666666 0.5312208333333333 0.6425354166666667 0.5786010416666667 0.639325 0.5786010416666667 0.5959856770833334 0.5705705729166667 0.54381796875 0.5681614583333332 0.5269638020833333 0.5777979166666667 0.5101096354166665 0.5697674479166667 0.4772039062499999 0.5496911458333333 0.44670598958333335 0.5183718749999999 0.4138 0.4966893229166667 0.3993536458333333 0.47581015625 0.4017614583333334 0.4533244791666666 0.41941822916666666 0.4326458333333333 0.43878697916666665 0.4597489583333333 0.48121692708333336 0.49106796875000003 0.5382 0.5215841145833333 0.6104322916666666
9 0.6427656249999999 0.3475380208333333 0.6315700520833333 0.39229375 0.6119778645833333 0.43816848958333326 0.6416460937499999 0.44544114583333333 0.6752328124999999 0.44600078125 0.6993033854166666 0.4280984375 0.7104989583333332 0.3934127604166667 0.7166565104166666 0.3559296875 0.7205747395833333 0.3229223958333333 0.71329765625 0.2932716145833333 0.6953848958333333 0.26082369791666665 0.67859140625 0.23005390625 0.6545210937499999 0.223340625 0.6346489583333333 0.23218463541666665 0.6483635416666667 0.2686559895833333 0.6494830729166666 0.30613880208333333 0.6427656249999999 0.3475380208333333
10 0.6808294270833333 0.43510546874999995 0.5604778645833333 0.43510546874999995 0.5604778645833333 0.54278515625 0.6808294270833333 0.54278515625 0.6808294270833333 0.43510546874999995
10 0.8431653645833332 0.42809895833333333 0.66907421875 0.42809895833333333 0.66907421875 0.52396875 0.8431653645833332 0.52396875 0.8431653645833332 0.42809895833333333
11 0.7759934895833334 0.24127994791666668 0.7165169270833333 0.24127994791666668 0.7165169270833333 0.31397005208333334 0.7759934895833334 0.31397005208333334 0.7759934895833334 0.24127994791666668
9 0.8252533854166666 0.44656015625 0.8476445312499999 0.4918752604166666 0.8789921875 0.5282395833333333 0.9019429687499999 0.5299177083333333 0.9254536458333333 0.50642109375 0.9360895833333333 0.4846026041666667 0.9573611979166665 0.4667002604166667 0.9332906249999999 0.4437630208333333 0.9086604166666665 0.416909375 0.8795520833333332 0.3839020833333333 0.8593999999999999 0.36432135416666667 0.8353294270833332 0.343621875 0.8101393229166666 0.31844661458333334 0.7866286458333333 0.29550937499999996 0.7619984375 0.2994255208333333 0.7519223958333333 0.31844661458333334 0.7754330729166666 0.36879687499999997 0.8017427083333333 0.40963671875 0.8252533854166666 0.44656015625
10 0.9901080729166667 0.46169270833333337 0.8952252604166666 0.46169270833333337 0.8952252604166666 0.5730833333333333 0.9901080729166667 0.5730833333333333 0.9901080729166667 0.46169270833333337
9 0.9383294270833332 0.53796484375 0.8112591145833333 0.53796484375 0.8112591145833333 0.69672265625 0.9383294270833332 0.69672265625 0.9383294270833332 0.53796484375