11 0.2721536458333333 0.44659375 0.32823697916666666 0.44659375 0.32823697916666666 0.38687499999999997 0.2721536458333333 0.38687499999999997 0.2721536458333333 0.44659375
11 0.3790520833333333 0.39466666666666667 0.4327604166666667 0.39466666666666667 0.4327604166666667 0.33401562500000004 0.3790520833333333 0.33401562500000004 0.3790520833333333 0.39466666666666667
9 0.29312109375 0.3734166666666667 0.44928515625000004 0.3734166666666667 0.44928515625000004 0.22195312500000003 0.29312109375 0.22195312500000003 0.29312109375 0.3734166666666667
10 0.12497265624999998 0.6551940104166667 0.25459505208333333 0.6551940104166667 0.25459505208333333 0.5256080729166667 0.12497265624999998 0.5256080729166667 0.12497265624999998 0.6551940104166667
9 0.13633463541666666 0.7812486979166666 0.21173307291666665 0.7812486979166666 0.21173307291666665 0.6609075520833333 0.13633463541666666 0.6609075520833333 0.13633463541666666 0.7812486979166666
10 0.4332747395833333 0.6575026041666666 0.5525690104166665 0.6575026041666666 0.5525690104166665 0.5700182291666666 0.4332747395833333 0.5700182291666666 0.4332747395833333 0.6575026041666666
10 0.28031119791666664 0.7765872395833334 0.4921471354166666 0.7765872395833334 0.4921471354166666 0.65708984375 0.28031119791666664 0.65708984375 0.28031119791666664 0.7765872395833334
9 0.24065104166666665 0.6556419270833332 0.39165104166666664 0.6556419270833332 0.39165104166666664 0.47812890624999993 0.24065104166666665 0.47812890624999993 0.24065104166666665 0.6556419270833332
11 0.21586328125 0.4806041666666666 0.28196484375 0.4806041666666666 0.28196484375 0.39888541666666666 0.21586328125 0.39888541666666666 0.21586328125 0.4806041666666666
11 0.5230312500000001 0.4299674479166667 0.5918177083333334 0.4299674479166667 0.5918177083333334 0.3718138020833333 0.5230312500000001 0.3718138020833333 0.5230312500000001 0.4299674479166667
11 0.5659960937499999 0.5059401041666666 0.64294140625 0.5059401041666666 0.64294140625 0.40992968750000003 0.5659960937499999 0.40992968750000003 0.5659960937499999 0.5059401041666666
10 0.8052005208333334 0.3820716145833333 0.9235651041666666 0.3820716145833333 0.9235651041666666 0.28133984375 0.8052005208333334 0.28133984375 0.8052005208333334 0.3820716145833333
9 0.5958450520833333 0.4266640625 0.8216236979166667 0.4266640625 0.8216236979166667 0.3123255208333333 0.5958450520833333 0.3123255208333333 0.5958450520833333 0.4266640625
10 0.6991289062499999 0.6014257812499999 0.9401940104166666 0.6014257812499999 0.9401940104166666 0.4525273437499999 0.6991289062499999 0.4525273437499999 0.6991289062499999 0.6014257812499999
10 0.680125 0.6527674479166666 0.65988125 0.6668057291666667 0.6412901041666667 0.683734375 0.6202203125000001 0.70768203125 0.6090656249999999 0.7204817708333333 0.60245546875 0.7353455729166667 0.6032815104166667 0.749796875 0.6222859374999999 0.7547515625 0.6483135416666667 0.7568161458333333 0.6677307291666665 0.7502098958333333 0.6896270833333333 0.7436036458333334 0.7102838541666665 0.73410703125 0.7131757812499999 0.7208945312499999 0.7276354166666665 0.7093335937499999 0.7387901041666667 0.7056174479166666 0.76605703125 0.7072690104166666 0.7817562499999999 0.6965338541666666 0.7850614583333333 0.6824955729166666 0.7945635416666665 0.6696958333333333 0.8011736979166667 0.6589606770833333 0.8143940104166667 0.6465739583333333 0.8280276041666668 0.6354260416666666 0.8292669270833333 0.6197361979166667 0.82596171875 0.6061106770833333 0.8222434895833333 0.5858789062499999 0.8090231770833333 0.5788598958333333 0.7916716145833332 0.5701890625 0.7850614583333333 0.5730794270833333 0.7685359374999999 0.5858789062499999 0.7470528645833333 0.6069364583333333 0.7230908854166666 0.6284067708333334 0.7003684895833333 0.6407934895833333 0.680125 0.6527674479166666
9 0.5943984375 0.6470807291666667 0.7071848958333333 0.6470807291666667 0.7071848958333333 0.4925546874999999 0.5943984375 0.4925546874999999 0.5943984375 0.6470807291666667
9 0.4757260416666666 0.5021567708333332 0.4910119791666666 0.5194981770833333 0.5054716145833333 0.5351880208333333 0.5228234374999999 0.5566583333333333 0.54058828125 0.5690450520833333 0.56702890625 0.5814317708333333 0.5852070312500001 0.5830833333333333 0.6017322916666666 0.5789544270833333 0.6141265625 0.5620260416666667 0.6211497395833334 0.5492263020833332 0.6211497395833334 0.5327106770833333 0.6128869791666667 0.5186723958333334 0.6071031249999999 0.5033953125 0.5914039062499999 0.4938989583333333 0.5831411458333333 0.491834375 0.5653763020833333 0.4802734375 0.5525692708333333 0.4703640625 0.5393489583333333 0.45632578125 0.52530234375 0.44022291666666663 0.5149739583333333 0.4299007812499999 0.5054716145833333 0.42288151041666666 0.49266458333333335 0.41008177083333336 0.4823361979166666 0.4018239583333333 0.46581067708333335 0.38902447916666666 0.4505247395833333 0.38117942708333336 0.4393700520833333 0.37539895833333337 0.42862838541666665 0.37911510416666666 0.41251614583333324 0.3844825520833333 0.40714531249999997 0.3960434895833333 0.41416875 0.40114947916666666 0.42697578125 0.4195783854166667 0.43771744791666667 0.4410486979166667 0.4525903645833333 0.46293203125 0.4616794270833333 0.47655729166666666 0.4757260416666666 0.5021567708333332