4 0.36458854166666665 0.6468984375 0.497359375 0.6468984375 0.497359375 0.5365651041666666 0.36458854166666665 0.5365651041666666 0.36458854166666665 0.6468984375
4 0.7222265625 0.35723307291666667 0.8239557291666667 0.35723307291666667 0.8239557291666667 0.2662825520833333 0.7222265625 0.2662825520833333 0.7222265625 0.35723307291666667
4 0.8064296875 0.4629973958333333 0.8925911458333331 0.4629973958333333 0.8925911458333331 0.36469010416666664 0.8064296875 0.36469010416666664 0.8064296875 0.4629973958333333
4 0.7916718749999999 0.7723958333333333 0.8768124999999998 0.7723958333333333 0.8768124999999998 0.6528854166666667 0.7916718749999999 0.6528854166666667 0.7916718749999999 0.7723958333333333
4 0.7017942708333333 0.7652916666666667 0.7845130208333334 0.7652916666666667 0.7845130208333334 0.6450729166666667 0.7017942708333333 0.6450729166666667 0.7017942708333333 0.7652916666666667
4 0.4730950520833333 0.4716796875 0.5936028645833333 0.4716796875 0.5936028645833333 0.3672942708333333 0.4730950520833333 0.3672942708333333 0.4730950520833333 0.4716796875
5 0.9201458333333331 0.5825716145833333 0.9201458333333331 0.78125 1 0.78125 1 0.5825716145833333 0.9201458333333331 0.5825716145833333
5 0.5901354166666666 0.7812486979166666 0.7214010416666667 0.7812486979166666 0.7214010416666667 0.5964596354166666 0.5901354166666666 0.5964596354166666 0.5901354166666666 0.7812486979166666
3 0.5209270833333333 0.36986197916666663 0.6882708333333334 0.36986197916666663 0.6882708333333334 0.21885677083333333 0.5209270833333333 0.21885677083333333 0.5209270833333333 0.36986197916666663
3 0.6883723958333332 0.6082226562499999 0.8271119791666667 0.6082226562499999 0.8271119791666667 0.4350013020833333 0.6883723958333332 0.4350013020833333 0.6883723958333332 0.6082226562499999
3 0.5078164062499999 0.5995403645833333 0.6622356770833333 0.5995403645833333 0.6622356770833333 0.44407421874999997 0.5078164062499999 0.44407421874999997 0.5078164062499999 0.5995403645833333
3 0.8189986979166666 0.6421627604166666 0.9809440104166665 0.6421627604166666 0.9809440104166665 0.4384726562499999 0.8189986979166666 0.4384726562499999 0.8189986979166666 0.6421627604166666
3 0.6048190104166666 0.5656028645833333 0.7750455729166668 0.5656028645833333 0.7750455729166668 0.3796106770833333 0.6048190104166666 0.3796106770833333 0.6048190104166666 0.5656028645833333