7 0.5537057291666667 0.37026822916666663 0.44596614583333327 0.37026822916666663 0.44596614583333327 0.45788802083333324 0.5537057291666667 0.45788802083333324 0.5537057291666667 0.37026822916666663
6 0.43723697916666665 0.3375377604166666 0.1950234375 0.3375377604166666 0.1950234375 0.46606640624999995 0.43723697916666665 0.46606640624999995 0.43723697916666665 0.3375377604166666
8 0.18752343749999997 0.32799088541666666 0.10514843749999998 0.32799088541666666 0.10514843749999998 0.4028216145833333 0.18752343749999997 0.4028216145833333 0.18752343749999997 0.32799088541666666
7 0 0.22433984375 0 0.31995182291666663 0.11360416666666666 0.31995182291666663 0.11360416666666666 0.22433984375 0 0.22433984375
6 0.2925377604166667 0.24070703125 0.11183203124999999 0.24070703125 0.11183203124999999 0.34939192708333333 0.2925377604166667 0.34939192708333333 0.2925377604166667 0.24070703125
6 0.35254427083333334 0.22161328125000002 0.17115885416666665 0.22161328125000002 0.17115885416666665 0.31068359375 0.35254427083333334 0.31068359375 0.35254427083333334 0.22161328125000002
8 0.4480104166666667 0.2918502604166667 0.38254687499999995 0.2918502604166667 0.38254687499999995 0.35430078125 0.4480104166666667 0.35430078125 0.4480104166666667 0.2918502604166667
8 0.3992265625 0.2852981770833333 0.33794010416666664 0.2852981770833333 0.33794010416666664 0.3578372395833333 0.3992265625 0.3578372395833333 0.3992265625 0.2852981770833333
6 0.5766588541666666 0.21875 0.3233776041666666 0.21875 0.3233776041666666 0.31597005208333334 0.5766588541666666 0.31597005208333334 0.5766588541666666 0.21875
6 0.6777395833333333 0.2214609375 0.5487760416666665 0.2214609375 0.5487760416666665 0.2927473958333333 0.6777395833333333 0.2927473958333333 0.6777395833333333 0.2214609375
6 0.5906015625 0.31763541666666667 0.5189557291666667 0.31763541666666667 0.5189557291666667 0.403703125 0.5906015625 0.403703125 0.5906015625 0.31763541666666667
8 0.5470598958333334 0.44513151041666665 0.46612760416666654 0.44513151041666665 0.46612760416666654 0.5318580729166666 0.5470598958333334 0.5318580729166666 0.5470598958333334 0.44513151041666665
7 0.7161796874999998 0.3382395833333333 0.5917265625 0.3382395833333333 0.5917265625 0.44486979166666674 0.7161796874999998 0.44486979166666674 0.7161796874999998 0.3382395833333333
6 0.8583541666666665 0.35625651041666667 0.703234375 0.35625651041666667 0.703234375 0.53422265625 0.8583541666666665 0.53422265625 0.8583541666666665 0.35625651041666667
8 0.9348697916666666 0.276125 0.8582291666666666 0.276125 0.8582291666666666 0.3598958333333333 0.9348697916666666 0.3598958333333333 0.9348697916666666 0.276125
6 1 0.47695052083333334 1 0.30498177083333333 0.9327486979166666 0.30498177083333333 0.9327486979166666 0.47695052083333334 1 0.47695052083333334
7 1 0.3090013020833333 1 0.22180598958333336 0.9340208333333333 0.22180598958333336 0.9340208333333333 0.3090013020833333 1 0.3090013020833333
6 0.9346145833333332 0.22138151041666668 0.8219895833333333 0.22138151041666668 0.8219895833333333 0.2985716145833333 0.9346145833333332 0.2985716145833333 0.9346145833333332 0.22138151041666668
6 1 0.6957070312499999 1 0.41004296875 0.8704726562499999 0.41004296875 0.8704726562499999 0.6957070312499999 1 0.6957070312499999
7 1 0.7786197916666666 1 0.672671875 0.9157018229166667 0.672671875 0.9157018229166667 0.7786197916666666 1 0.7786197916666666