4 0.19758333333333333 0.6112174479166665 0.039067708333333326 0.6112174479166665 0.039067708333333326 0.71162109375 0.19758333333333333 0.71162109375 0.19758333333333333 0.6112174479166665
4 0.72929296875 0.355140625 0.6128528645833333 0.355140625 0.6128528645833333 0.44247395833333325 0.72929296875 0.44247395833333325 0.72929296875 0.355140625
4 0.2520169270833333 0.43152994791666666 0.14670703125 0.43152994791666666 0.14670703125 0.5269283854166666 0.2520169270833333 0.5269283854166666 0.2520169270833333 0.43152994791666666
4 0.32459375 0.22840625 0.22917187499999997 0.22840625 0.22917187499999997 0.3256614583333333 0.32459375 0.3256614583333333 0.32459375 0.22840625
4 0.7348125 0.6025377604166666 0.6432343749999999 0.6025377604166666 0.6432343749999999 0.6966236979166667 0.7348125 0.6966236979166667 0.7348125 0.6025377604166666
4 0.6171914062499999 0.78125 0.7111471354166665 0.78125 0.7111471354166665 0.6806614583333332 0.6171914062499999 0.6806614583333332 0.6171914062499999 0.78125
3 0.6275247395833333 0.5113919270833334 0.4843138020833333 0.5113919270833334 0.4843138020833333 0.73845703125 0.6275247395833333 0.73845703125 0.6275247395833333 0.5113919270833334
3 0.86103515625 0.3568776041666667 0.6774283854166666 0.3568776041666667 0.6774283854166666 0.5695494791666667 0.86103515625 0.5695494791666667 0.86103515625 0.3568776041666667
5 0.9235299479166666 0.3556536458333333 0.8097565104166666 0.3556536458333333 0.8097565104166666 0.5600026041666666 0.9235299479166666 0.5600026041666666 0.9235299479166666 0.3556536458333333
5 0.5943932291666666 0.2848294270833333 0.4262213541666666 0.2848294270833333 0.4262213541666666 0.39511848958333334 0.5943932291666666 0.39511848958333334 0.5943932291666666 0.2848294270833333
5 0.40979296875 0.44715625000000003 0.23524869791666667 0.44715625000000003 0.23524869791666667 0.5395572916666667 0.40979296875 0.5395572916666667 0.40979296875 0.44715625000000003
3 0.6062252604166667 0.3803151041666667 0.3854205729166667 0.3803151041666667 0.3854205729166667 0.5111432291666667 0.6062252604166667 0.5111432291666667 0.6062252604166667 0.3803151041666667
3 0.4452929687499999 0.5219596354166666 0.25521223958333333 0.5219596354166666 0.25521223958333333 0.6674205729166667 0.4452929687499999 0.6674205729166667 0.4452929687499999 0.5219596354166666
5 0.30566015625 0.6355234375000001 0.16580338541666667 0.6355234375000001 0.16580338541666667 0.7471380208333332 0.30566015625 0.7471380208333332 0.30566015625 0.6355234375000001
5 0.9060013020833333 0.2466328125 0.7786497395833334 0.2466328125 0.7786497395833334 0.3690703125 0.9060013020833333 0.3690703125 0.9060013020833333 0.2466328125