7 0.5184401041666666 0.41787760416666664 0.6341015625 0.41787760416666664 0.6341015625 0.2960234375 0.5184401041666666 0.2960234375 0.5184401041666666 0.41787760416666664
6 0.53140234375 0.6541458333333333 0.6879205729166665 0.6541458333333333 0.6879205729166665 0.4015625 0.53140234375 0.4015625 0.53140234375 0.6541458333333333
7 0.8957903645833334 0.6492799479166667 0.9997408854166666 0.6492799479166667 0.9997408854166666 0.5145065104166666 0.8957903645833334 0.5145065104166666 0.8957903645833334 0.6492799479166667
6 0.7214947916666666 0.7812486979166666 0.9239322916666666 0.7812486979166666 0.9239322916666666 0.57844921875 0.7214947916666666 0.57844921875 0.7214947916666666 0.7812486979166666
8 0.6357057291666667 0.7321940104166667 0.7053255208333333 0.7321940104166667 0.7053255208333333 0.6651028645833332 0.6357057291666667 0.6651028645833332 0.6357057291666667 0.7321940104166667
7 0.5448541666666665 0.7789049479166665 0.6548385416666667 0.7789049479166665 0.6548385416666667 0.6872877604166666 0.5448541666666665 0.6872877604166666 0.5448541666666665 0.7789049479166665
8 0.3479700520833333 0.45603906250000004 0.4116653645833333 0.45603906250000004 0.4116653645833333 0.3929192708333333 0.3479700520833333 0.3929192708333333 0.3479700520833333 0.45603906250000004
6 0.3406874999999999 0.49013671875 0.5342395833333333 0.49013671875 0.5342395833333333 0.2768893229166667 0.3406874999999999 0.2768893229166667 0.3406874999999999 0.49013671875
6 0.3980885416666667 0.6995781249999999 0.58534375 0.6995781249999999 0.58534375 0.49290625 0.3980885416666667 0.49290625 0.3980885416666667 0.6995781249999999
7 0.087640625 0.4893033854166666 0.087640625 0.38674869791666666 0 0.38674869791666666 0 0.4893033854166666 0.087640625 0.4893033854166666
7 0.02320572916666666 0.7511861979166666 0.1322005208333333 0.7511861979166666 0.1322005208333333 0.6518867187499999 0.02320572916666666 0.6518867187499999 0.02320572916666666 0.7511861979166666
6 0.088875 0.4540976562499999 0.32834375 0.4540976562499999 0.32834375 0.28816796875 0.088875 0.28816796875 0.088875 0.4540976562499999
6 0.08284375 0.6663450520833333 0.2700833333333333 0.6663450520833333 0.2700833333333333 0.43573828125 0.08284375 0.43573828125 0.08284375 0.6663450520833333