4 0.3963828125 0.44715625000000003 0.2934088541666667 0.44715625000000003 0.2934088541666667 0.5395572916666667 0.3963828125 0.5395572916666667 0.3963828125 0.44715625000000003
4 0.33507421875 0.78125 0.4310924479166666 0.78125 0.4310924479166666 0.6841341145833333 0.33507421875 0.6841341145833333 0.33507421875 0.78125
4 0.6945807291666666 0.4619101562499999 0.5946223958333332 0.4619101562499999 0.5946223958333332 0.57823046875 0.6945807291666666 0.57823046875 0.6945807291666666 0.4619101562499999
4 0.8326367187500001 0.5834401041666666 0.74045703125 0.5834401041666666 0.74045703125 0.7021484375 0.8326367187500001 0.7021484375 0.8326367187500001 0.5834401041666666
4 0.8586692708333332 0.2770169270833333 0.7803880208333333 0.2770169270833333 0.7803880208333333 0.40380078125 0.8586692708333332 0.40380078125 0.8586692708333332 0.2770169270833333
4 0.8359414062499999 0.78125 0.92335546875 0.78125 0.92335546875 0.675453125 0.8359414062499999 0.675453125 0.8359414062499999 0.78125
5 0.9999986979166667 0.58604296875 0.92101171875 0.58604296875 0.92101171875 0.7812486979166666 0.9999986979166667 0.7812486979166666 0.9999986979166667 0.58604296875
5 1 0.40458984375 1 0.25184244791666666 0.8932343750000001 0.25184244791666666 0.8932343750000001 0.40458984375 1 0.40458984375
4 0.30408203125 0.38725911458333334 0.20486588541666664 0.38725911458333334 0.20486588541666664 0.4890429687499999 0.30408203125 0.4890429687499999 0.30408203125 0.38725911458333334
4 0.3948033854166667 0.21875 0.27344140624999996 0.21875 0.27344140624999996 0.29566796875 0.3948033854166667 0.29566796875 0.3948033854166667 0.21875
3 0.5715130208333333 0.23882291666666666 0.40191406249999995 0.23882291666666666 0.40191406249999995 0.41879687499999996 0.5715130208333333 0.41879687499999996 0.5715130208333333 0.23882291666666666
3 0.5991249999999999 0.41850781249999996 0.41146354166666665 0.41850781249999996 0.41146354166666665 0.5158776041666666 0.5991249999999999 0.5158776041666666 0.5991249999999999 0.41850781249999996
3 0.5557356770833334 0.5183359375 0.39844140624999996 0.5183359375 0.39844140624999996 0.6855755208333333 0.5557356770833334 0.6855755208333333 0.5557356770833334 0.5183359375
3 0.8223802083333333 0.38291796875 0.7109427083333333 0.38291796875 0.7109427083333333 0.5584986979166666 0.8223802083333333 0.5584986979166666 0.8223802083333333 0.38291796875
3 0.952546875 0.37684244791666666 0.7994843749999999 0.37684244791666666 0.7994843749999999 0.54744921875 0.952546875 0.54744921875 0.952546875 0.37684244791666666
3 0.9856783854166664 0.4193763020833333 0.8757330729166666 0.4193763020833333 0.8757330729166666 0.66189453125 0.9856783854166664 0.66189453125 0.9856783854166664 0.4193763020833333
3 0.5095533854166666 0.78125 0.6425143229166665 0.78125 0.6425143229166665 0.56173828125 0.5095533854166666 0.56173828125 0.5095533854166666 0.78125
3 0.5839817708333332 0.78125 0.7016796874999999 0.78125 0.7016796874999999 0.6386822916666667 0.5839817708333332 0.6386822916666667 0.5839817708333332 0.78125
3 0.2717395833333333 0.2214596354166667 0.13542187499999997 0.2214596354166667 0.13542187499999997 0.36749348958333333 0.2717395833333333 0.36749348958333333 0.2717395833333333 0.2214596354166667
5 0.7505911458333333 0.3469309895833333 0.5659765625 0.3469309895833333 0.5659765625 0.43694921875 0.7505911458333333 0.43694921875 0.7505911458333333 0.3469309895833333