7 0.5481861979166667 0.7324999999999999 0.6523971354166667 0.7324999999999999 0.6523971354166667 0.59928125 0.5481861979166667 0.59928125 0.5481861979166667 0.7324999999999999
7 0.64576171875 0.6760859375 0.7339309895833332 0.6760859375 0.7339309895833332 0.5308932291666666 0.64576171875 0.5308932291666666 0.64576171875 0.6760859375
6 0.65010546875 0.7807161458333333 0.7720455729166666 0.7807161458333333 0.7720455729166666 0.6482526041666666 0.65010546875 0.6482526041666666 0.65010546875 0.7807161458333333
8 0.7966484375 0.48548046874999995 0.8951901041666666 0.48548046874999995 0.8951901041666666 0.40027473958333337 0.7966484375 0.40027473958333337 0.7966484375 0.48548046874999995
6 0.6831848958333333 0.40143098958333334 0.8438411458333333 0.40143098958333334 0.8438411458333333 0.21947526041666668 0.6831848958333333 0.21947526041666668 0.6831848958333333 0.40143098958333334
7 0.20700781249999997 0.31579296874999996 0.33036718749999994 0.31579296874999996 0.33036718749999994 0.22444140624999998 0.20700781249999997 0.22444140624999998 0.20700781249999997 0.31579296874999996
6 0.3265052083333333 0.31289973958333334 0.5877083333333333 0.31289973958333334 0.5877083333333333 0.21887109374999997 0.3265052083333333 0.21887109374999997 0.3265052083333333 0.31289973958333334
8 0.25552994791666667 0.39616276041666665 0.34002213541666665 0.39616276041666665 0.34002213541666665 0.31953515625 0.25552994791666667 0.31953515625 0.25552994791666667 0.39616276041666665
8 0.27822395833333335 0.5249440104166666 0.3699583333333333 0.5249440104166666 0.3699583333333333 0.43915494791666665 0.27822395833333335 0.43915494791666665 0.27822395833333335 0.5249440104166666
6 0.06397395833333333 0.7088346354166666 0.29608854166666665 0.7088346354166666 0.29608854166666665 0.5105716145833333 0.06397395833333333 0.5105716145833333 0.06397395833333333 0.7088346354166666
6 0.06530078125000001 0.5658489583333333 0.2558919270833333 0.5658489583333333 0.2558919270833333 0.3806145833333333 0.06530078125000001 0.3806145833333333 0.06530078125000001 0.5658489583333333