7 0.16856640625000002 0.3778919270833333 0.05235026041666667 0.3778919270833333 0.05235026041666667 0.4991809895833333 0.16856640625000002 0.4991809895833333 0.16856640625000002 0.3778919270833333
7 0.30781640625 0.4060533854166667 0.17733463541666666 0.4060533854166667 0.17733463541666666 0.5153111979166667 0.30781640625 0.5153111979166667 0.30781640625 0.4060533854166667
7 0.7924440104166666 0.21888020833333335 0.66497265625 0.21888020833333335 0.66497265625 0.3286979166666667 0.7924440104166666 0.3286979166666667 0.7924440104166666 0.21888020833333335
7 0.9706940104166666 0.21875 0.8290872395833333 0.21875 0.8290872395833333 0.28140755208333335 0.9706940104166666 0.28140755208333335 0.9706940104166666 0.21875
7 0.47062369791666664 0.21875130208333332 0.36055859374999993 0.21875130208333332 0.36055859374999993 0.30133203124999997 0.47062369791666664 0.30133203124999997 0.47062369791666664 0.21875130208333332
6 0.36971875 0.5054947916666667 0.16490104166666666 0.5054947916666667 0.16490104166666666 0.6051510416666666 0.36971875 0.6051510416666666 0.36971875 0.5054947916666667
8 0.4605455729166666 0.5951393229166666 0.38437630208333334 0.5951393229166666 0.38437630208333334 0.6663346354166666 0.4605455729166666 0.6663346354166666 0.4605455729166666 0.5951393229166666
6 0.2731354166666667 0.5981471354166666 0.07158854166666666 0.5981471354166666 0.07158854166666666 0.7797434895833334 0.2731354166666667 0.7797434895833334 0.2731354166666667 0.5981471354166666
6 0.7141796875 0.2976171875 0.46852864583333337 0.2976171875 0.46852864583333337 0.4649244791666667 0.7141796875 0.4649244791666667 0.7141796875 0.2976171875
6 0.7576307291666666 0.3154049479166666 0.7309325520833333 0.3447033854166667 0.68643515625 0.39492942708333334 0.6712539062499999 0.42056562499999994 0.6822473958333333 0.4477713541666667 0.7115630208333333 0.45561927083333326 0.7492549479166667 0.4414932291666666 0.8125979166666667 0.4048700520833333 0.8754177083333332 0.36249192708333333 0.90630390625 0.32063697916666667 0.9303848958333333 0.28244427083333334 0.8890283854166666 0.26308619791666665 0.8602361979166666 0.2442515625 0.8421755208333334 0.23327708333333336 0.8110276041666665 0.25837760416666666 0.7848526041666666 0.28715286458333333 0.7576307291666666 0.3154049479166666
6 0.39366953125 0.4477713541666667 0.42874401041666665 0.42318151041666663 0.46591223958333333 0.38969765624999997 0.4994158854166667 0.35673671875 0.5229734374999999 0.32691510416666664 0.536584375 0.2944776041666667 0.5088390625 0.27093411458333333 0.4737645833333334 0.27145729166666666 0.43607291666666664 0.28976875 0.4036161458333333 0.30598749999999997 0.37272968749999996 0.32586875 0.32927942708333335 0.34993541666666667 0.30153411458333335 0.37086276041666666 0.2868763020833333 0.388128125 0.28334270833333336 0.3968697916666667 0.2989166666666666 0.43364531250000005 0.3334674479166667 0.4577119791666666 0.39366953125 0.4477713541666667
8 0.6682786458333333 0.44459244791666663 0.5901276041666665 0.44459244791666663 0.5901276041666665 0.5266783854166667 0.6682786458333333 0.5266783854166667 0.6682786458333333 0.44459244791666663
8 0.49522916666666666 0.49084635416666667 0.40383854166666666 0.49084635416666667 0.40383854166666666 0.5706744791666666 0.49522916666666666 0.5706744791666666 0.49522916666666666 0.49084635416666667