4 0.8791796875 0.30392578124999997 0.7543463541666666 0.30392578124999997 0.7543463541666666 0.40774609375 0.8791796875 0.40774609375 0.8791796875 0.30392578124999997
4 0.7505911458333333 0.23013932291666667 0.6076432291666667 0.23013932291666667 0.6076432291666667 0.32329296875 0.7505911458333333 0.32329296875 0.7505911458333333 0.23013932291666667
4 0.39953776041666667 0.29958593749999995 0.2630247395833333 0.29958593749999995 0.2630247395833333 0.3872265625 0.39953776041666667 0.3872265625 0.39953776041666667 0.29958593749999995
4 0.3380065104166667 0.6051419270833333 0.22483203125 0.6051419270833333 0.22483203125 0.7313528645833334 0.3380065104166667 0.7313528645833334 0.3380065104166667 0.6051419270833333
4 0.2401848958333333 0.3516692708333333 0.12413802083333332 0.3516692708333333 0.12413802083333332 0.4701015625 0.2401848958333333 0.4701015625 0.2401848958333333 0.3516692708333333
3 0.5951822916666666 0.5495859375 0.41927604166666665 0.5495859375 0.41927604166666665 0.7368776041666667 0.5951822916666666 0.7368776041666667 0.5951822916666666 0.5495859375
3 0.736390625 0.5678151041666666 0.5225729166666666 0.5678151041666666 0.5225729166666666 0.7558203125 0.736390625 0.7558203125 0.736390625 0.5678151041666666
3 0.8294791666666665 0.5087864583333334 0.6241354166666667 0.5087864583333334 0.6241354166666667 0.7187239583333332 0.8294791666666665 0.7187239583333332 0.8294791666666665 0.5087864583333334
3 0.19127213541666666 0.47493359375 0.07552473958333332 0.47493359375 0.07552473958333332 0.62795703125 0.19127213541666666 0.62795703125 0.19127213541666666 0.47493359375
3 0.083984375 0.46277994791666666 0.002609374999999995 0.46277994791666666 0.002609374999999995 0.68873046875 0.083984375 0.68873046875 0.083984375 0.46277994791666666
3 0.39243880208333337 0.40027994791666666 0.21701953124999998 0.40027994791666666 0.21701953124999998 0.5340325520833333 0.39243880208333337 0.5340325520833333 0.39243880208333337 0.40027994791666666
3 0.5809817708333332 0.2214609375 0.3871588541666667 0.2214609375 0.3871588541666667 0.3217161458333333 0.5809817708333332 0.3217161458333333 0.5809817708333332 0.2214609375
3 0.6338372395833333 0.2771692708333333 0.4887200520833333 0.2771692708333333 0.4887200520833333 0.39353906250000004 0.6338372395833333 0.39353906250000004 0.6338372395833333 0.2771692708333333
5 0.5801927083333334 0.29871875 0.4166718749999999 0.29871875 0.4166718749999999 0.42747916666666663 0.5801927083333334 0.42747916666666663 0.5801927083333334 0.29871875
5 0.016498697916666662 0.78125 0.13526171874999998 0.78125 0.13526171874999998 0.6025364583333332 0.016498697916666662 0.6025364583333332 0.016498697916666662 0.78125
5 0.09502864583333333 0.33864843749999995 0.011289062499999999 0.33864843749999995 0.011289062499999999 0.47641406249999996 0.09502864583333333 0.47641406249999996 0.09502864583333333 0.33864843749999995
5 0.6101692708333333 0.48274609375 0.46441406249999995 0.48274609375 0.46441406249999995 0.6208528645833333 0.6101692708333333 0.6208528645833333 0.6101692708333333 0.48274609375