4 0.11474999999999999 0.5569192708333333 0.11474999999999999 0.43413281249999996 0 0.43413281249999996 0 0.5569192708333333 0.11474999999999999 0.5569192708333333
4 0.13368619791666667 0.6247981770833333 0.23466276041666667 0.6247981770833333 0.23466276041666667 0.5374309895833334 0.13368619791666667 0.5374309895833334 0.13368619791666667 0.6247981770833333
4 0.31424088541666667 0.6974140624999999 0.3971705729166667 0.6974140624999999 0.3971705729166667 0.5964609375000001 0.31424088541666667 0.5964609375000001 0.31424088541666667 0.6974140624999999
4 0.6223997395833334 0.68794140625 0.7300794270833333 0.68794140625 0.7300794270833333 0.58604296875 0.6223997395833334 0.58604296875 0.6223997395833334 0.68794140625
4 0.7166692708333333 0.68673828125 0.6076432291666667 0.68673828125 0.6076432291666667 0.78125 0.7166692708333333 0.78125 0.7166692708333333 0.68673828125
4 0.6423671875 0.42037499999999994 0.7671588541666666 0.42037499999999994 0.7671588541666666 0.347328125 0.6423671875 0.347328125 0.6423671875 0.42037499999999994
4 0.21094270833333334 0.32171484375 0.3159166666666667 0.32171484375 0.3159166666666667 0.22840494791666668 0.21094270833333334 0.22840494791666668 0.21094270833333334 0.32171484375
4 0.09549218749999998 0.38959374999999996 0.1896953125 0.38959374999999996 0.1896953125 0.308265625 0.09549218749999998 0.308265625 0.09549218749999998 0.38959374999999996
3 0.12240104166666665 0.5150885416666666 0.34826041666666663 0.5150885416666666 0.34826041666666663 0.39490625 0.12240104166666665 0.39490625 0.12240104166666665 0.5150885416666666
3 0.40365234375 0.4969348958333333 0.62358203125 0.4969348958333333 0.62358203125 0.3769140624999999 0.40365234375 0.3769140624999999 0.40365234375 0.4969348958333333
3 0.6838802083333334 0.57112890625 0.8397343749999999 0.57112890625 0.8397343749999999 0.39664713541666663 0.6838802083333334 0.39664713541666663 0.6838802083333334 0.57112890625
3 0.3810807291666667 0.35249609375 0.5928151041666666 0.35249609375 0.5928151041666666 0.23100911458333334 0.3810807291666667 0.23100911458333334 0.3810807291666667 0.35249609375
3 0.20052473958333333 0.4109036458333334 0.41689192708333334 0.4109036458333334 0.41689192708333334 0.3047942708333333 0.20052473958333333 0.3047942708333333 0.20052473958333333 0.4109036458333334
5 0.42101171875 0.4266888020833333 0.5644153645833333 0.4266888020833333 0.5644153645833333 0.3264934895833333 0.42101171875 0.3264934895833333 0.42101171875 0.4266888020833333
5 0.7847278645833333 0.37854296875 0.9178346354166667 0.37854296875 0.9178346354166667 0.23621744791666668 0.7847278645833333 0.23621744791666668 0.7847278645833333 0.37854296875
5 0.812125 0.5122578124999999 0.9140677083333333 0.5122578124999999 0.9140677083333333 0.3690703125 0.812125 0.3690703125 0.812125 0.5122578124999999
5 0.5512213541666666 0.35328645833333333 0.7214036458333333 0.35328645833333333 0.7214036458333333 0.2648645833333333 0.5512213541666666 0.2648645833333333 0.5512213541666666 0.35328645833333333
5 0.31684505208333336 0.43694921875 0.4626497395833333 0.43694921875 0.4626497395833333 0.36902994791666666 0.31684505208333336 0.36902994791666666 0.31684505208333336 0.43694921875
3 0.3941028645833333 0.6374283854166667 0.55337109375 0.6374283854166667 0.55337109375 0.4731080729166667 0.3941028645833333 0.4731080729166667 0.3941028645833333 0.6374283854166667