10 0.26864453125 0.5746484374999999 0.11571484375 0.5746484374999999 0.11571484375 0.6846953124999999 0.26864453125 0.6846953124999999 0.26864453125 0.5746484374999999
10 0.4162552083333333 0.3784036458333333 0.21813541666666664 0.3784036458333333 0.21813541666666664 0.5452942708333334 0.4162552083333333 0.5452942708333334 0.4162552083333333 0.3784036458333333
10 0.7427565104166666 0.29346354166666666 0.5280611979166666 0.29346354166666666 0.5280611979166666 0.40197916666666667 0.7427565104166666 0.40197916666666667 0.7427565104166666 0.29346354166666666
10 0.5199283854166665 0.38197656249999995 0.4079674479166666 0.38197656249999995 0.4079674479166666 0.4740703125 0.5199283854166665 0.4740703125 0.5199283854166665 0.38197656249999995
10 0.8633164062500001 0.3113372395833333 0.7372825520833333 0.3113372395833333 0.7372825520833333 0.4255950520833333 0.8633164062500001 0.4255950520833333 0.8633164062500001 0.3113372395833333
9 0.7688697916666667 0.38494140625 0.5238385416666667 0.38494140625 0.5238385416666667 0.49512109375 0.7688697916666667 0.49512109375 0.7688697916666667 0.38494140625
11 0.87332421875 0.37555859375 0.7813789062500001 0.37555859375 0.7813789062500001 0.45198828124999996 0.87332421875 0.45198828124999996 0.87332421875 0.37555859375
10 0.7974856770833332 0.4826184895833333 0.6031184895833333 0.4826184895833333 0.6031184895833333 0.5866575520833333 0.7974856770833332 0.5866575520833333 0.7974856770833332 0.4826184895833333
11 0.5214921875 0.4808268229166667 0.4470598958333333 0.4808268229166667 0.4470598958333333 0.5596106770833333 0.5214921875 0.5596106770833333 0.5214921875 0.4808268229166667
9 0.45581640625 0.5293007812499999 0.2744283854166666 0.5293007812499999 0.2744283854166666 0.6846315104166667 0.45581640625 0.6846315104166667 0.45581640625 0.5293007812499999
9 0.7505755208333333 0.6317226562499999 0.4920963541666666 0.6317226562499999 0.4920963541666666 0.7508919270833333 0.7505755208333333 0.7508919270833333 0.7505755208333333 0.6317226562499999
11 0.4827135416666666 0.6815039062499999 0.3752864583333333 0.6815039062499999 0.3752864583333333 0.7583815104166666 0.4827135416666666 0.7583815104166666 0.4827135416666666 0.6815039062499999
11 0.9937291666666667 0.38152994791666667 0.9241458333333334 0.38152994791666667 0.9241458333333334 0.45146484375 0.9937291666666667 0.45146484375 0.9937291666666667 0.38152994791666667
9 0.9303997395833333 0.4198411458333333 0.79029296875 0.4198411458333333 0.79029296875 0.5721119791666667 0.9303997395833333 0.5721119791666667 0.9303997395833333 0.4198411458333333