10 0.13506640625 0.5612877604166666 0.24112630208333333 0.5612877604166666 0.24112630208333333 0.42090494791666655 0.13506640625 0.42090494791666655 0.13506640625 0.5612877604166666
9 0.12581510416666666 0.7355807291666666 0.24735677083333335 0.7355807291666666 0.24735677083333335 0.5597109375 0.12581510416666666 0.5597109375 0.12581510416666666 0.7355807291666666
9 0.3996854166666666 0.70093125 0.4196161458333333 0.7201390625 0.44381796875 0.72156171875 0.45520703124999995 0.7222731770833333 0.46018984374999994 0.7485947916666666 0.47513776041666667 0.7642455729166666 0.48652682291666666 0.77491640625 0.5028986979166666 0.7742052083333333 0.4979161458333333 0.7571315104166667 0.5135760416666667 0.7514403645833333 0.5292359375 0.7443265625 0.5456078124999999 0.7400580729166666 0.5655388020833333 0.7464606770833333 0.5797749999999999 0.7421921874999999 0.5797749999999999 0.7265416666666666 0.5605559895833332 0.7094682291666666 0.55130234375 0.6973742187499999 0.5413369791666666 0.68243515625 0.5299479166666666 0.6660729166666666 0.51215234375 0.6504221354166667 0.49293333333333333 0.6383286458333333 0.47371432291666665 0.6233890625 0.4573424479166667 0.6070270833333333 0.44025885416666666 0.5949333333333333 0.426734375 0.5878192708333334 0.4103624999999999 0.5785710937499999 0.39470260416666664 0.57216875 0.381178125 0.5778598958333333 0.3584 0.59279921875 0.3505697916666667 0.6077385416666666 0.34790052083333334 0.6086479166666667 0.3569763020833333 0.62694609375 0.36694166666666667 0.6447309895833333 0.3840252604166666 0.6646502604166666 0.40110885416666664 0.6753210937499999 0.3996854166666666 0.70093125
11 0.27938671875 0.58853125 0.36053515625 0.58853125 0.36053515625 0.5250104166666667 0.27938671875 0.5250104166666667 0.27938671875 0.58853125
10 0.27867630208333327 0.45051979166666667 0.2914890625 0.46403645833333335 0.302878125 0.49106953124999997 0.3156908854166666 0.5045859374999999 0.33419817708333327 0.51525703125 0.3584 0.5109885416666666 0.37050078124999997 0.49818333333333326 0.3776190104166667 0.47399609374999996 0.38188984375 0.44696302083333334 0.38687265624999995 0.4263325520833333 0.4032442708333333 0.4263325520833333 0.4174807291666666 0.41423880208333336 0.4089388020833333 0.39360833333333334 0.4174807291666666 0.380803125 0.4146333333333333 0.36372968749999995 0.3918552083333333 0.35519270833333333 0.37192447916666665 0.3502130208333333 0.3534171875 0.3473674479166667 0.32779166666666665 0.344521875 0.302878125 0.33669661458333333 0.2729817708333333 0.33242812499999996 0.24806822916666665 0.3246028645833333 0.22457838541666666 0.32673697916666666 0.2242223958333333 0.34260625 0.22600182291666665 0.36799791666666665 0.24308541666666664 0.380803125 0.2623046875 0.4007221354166667 0.27369374999999996 0.42562109374999996 0.27867630208333327 0.45051979166666667
10 0.4146328125 0.48253255208333334 0.5050338541666666 0.48253255208333334 0.5050338541666666 0.36662890625 0.4146328125 0.36662890625 0.4146328125 0.48253255208333334
9 0.439546875 0.6340598958333332 0.6089583333333334 0.6340598958333332 0.6089583333333334 0.4609453125 0.439546875 0.4609453125 0.439546875 0.6340598958333332
11 0.5783502604166666 0.7225390624999999 0.7180455729166667 0.7225390624999999 0.7180455729166667 0.6411744791666666 0.5783502604166666 0.6411744791666666 0.5783502604166666 0.7225390624999999
10 0.64775390625 0.66891796875 0.80257421875 0.66891796875 0.80257421875 0.5899622395833333 0.64775390625 0.5899622395833333 0.64775390625 0.66891796875
9 0.7634218749999999 0.5963554687499999 0.9547239583333333 0.5963554687499999 0.9547239583333333 0.44314973958333326 0.7634218749999999 0.44314973958333326 0.7634218749999999 0.5963554687499999
11 0.9065 0.44056119791666665 0.9947656249999998 0.44056119791666665 0.9947656249999998 0.36663151041666664 0.9065 0.36663151041666664 0.9065 0.44056119791666665
10 0.70993359375 0.44668359375 0.8584778645833332 0.44668359375 0.8584778645833332 0.3283684895833333 0.70993359375 0.3283684895833333 0.70993359375 0.44668359375
10 0.4979153645833333 0.40921744791666664 0.6922408854166666 0.40921744791666664 0.6922408854166666 0.26411067708333336 0.4979153645833333 0.26411067708333336 0.4979153645833333 0.40921744791666664