5 0.3861276041666667 0.3959388020833333 0.21701822916666663 0.3959388020833333 0.21701822916666663 0.5411341145833333 0.3861276041666667 0.5411341145833333 0.3861276041666667 0.3959388020833333
5 0.7095690104166668 0.5027096354166666 0.53733203125 0.5027096354166666 0.53733203125 0.6839934895833333 0.7095690104166668 0.6839934895833333 0.7095690104166668 0.5027096354166666
5 1 0.5111419270833333 1 0.3343059895833333 0.9383736979166667 0.3343059895833333 0.9383736979166667 0.5111419270833333 1 0.5111419270833333
4 0.86813671875 0.6771888020833333 0.7925403645833333 0.6771888020833333 0.7925403645833333 0.7810768229166667 0.86813671875 0.7810768229166667 0.86813671875 0.6771888020833333
4 0.5936041666666666 0.6546184895833334 0.4791718749999999 0.6546184895833334 0.4791718749999999 0.7629231770833333 0.5936041666666666 0.7629231770833333 0.5936041666666666 0.6546184895833334
4 0 0.5165989583333334 0 0.6224322916666667 0.08871875 0.6224322916666667 0.08871875 0.5165989583333334 0 0.5165989583333334
4 0.4145260416666666 0.2553138020833333 0.28819791666666666 0.2553138020833333 0.28819791666666666 0.38248828125 0.4145260416666666 0.38248828125 0.4145260416666666 0.2553138020833333
4 0.11427083333333332 0.3998528645833333 0.01771875 0.3998528645833333 0.01771875 0.48622005208333335 0.11427083333333332 0.48622005208333335 0.11427083333333332 0.3998528645833333
4 0.9478124999999998 0.25791796875 0.8515677083333333 0.25791796875 0.8515677083333333 0.37380598958333333 0.9478124999999998 0.37380598958333333 0.9478124999999998 0.25791796875
5 1 0.7812486979166666 1 0.5912513020833333 0.9253528645833333 0.5912513020833333 0.9253528645833333 0.7812486979166666 1 0.7812486979166666
3 0.9020572916666666 0.4115638020833334 0.7990989583333332 0.4115638020833334 0.7990989583333332 0.6413736979166667 0.9020572916666666 0.6413736979166667 0.9020572916666666 0.4115638020833334
3 0.5872929687499999 0.3855234375 0.3784778645833333 0.3855234375 0.3784778645833333 0.5608671875 0.5872929687499999 0.5608671875 0.5872929687499999 0.3855234375
3 0.8634010416666665 0.34819661458333334 0.6901093749999998 0.34819661458333334 0.6901093749999998 0.51666796875 0.8634010416666665 0.51666796875 0.8634010416666665 0.34819661458333334
3 0.27016276041666665 0.27267447916666665 0.08420703124999998 0.27267447916666665 0.08420703124999998 0.4811484375 0.27016276041666665 0.4811484375 0.27016276041666665 0.27267447916666665
3 0.10528515624999998 0.21972395833333333 0.001740885416666667 0.21972395833333333 0.001740885416666667 0.39275 0.10528515624999998 0.39275 0.10528515624999998 0.21972395833333333
3 1 0.6516341145833333 1 0.4089596354166666 0.8882708333333333 0.4089596354166666 0.8882708333333333 0.6516341145833333 1 0.6516341145833333
3 0.30566015625 0.4740638020833334 0.10590755208333333 0.4740638020833334 0.10590755208333333 0.5916497395833333 0.30566015625 0.5916497395833333 0.30566015625 0.4740638020833334