9 0.1334505208333333 0.4904622395833333 0.2329140625 0.4904622395833333 0.2329140625 0.3871783854166667 0.1334505208333333 0.3871783854166667 0.1334505208333333 0.4904622395833333
9 0.21136328124999998 0.7118489583333333 0.38211067708333335 0.7118489583333333 0.38211067708333335 0.50321875 0.21136328124999998 0.50321875 0.21136328124999998 0.7118489583333333
11 0.3995182291666666 0.7054635416666667 0.3539296875 0.7054635416666667 0.3539296875 0.78125 0.3995182291666666 0.78125 0.3995182291666666 0.7054635416666667
9 0.3265755208333333 0.5767877604166667 0.5916484375 0.5767877604166667 0.5916484375 0.44835286458333334 0.3265755208333333 0.44835286458333334 0.3265755208333333 0.5767877604166667
10 0.34315364583333335 0.44557031249999995 0.45637760416666656 0.44557031249999995 0.45637760416666656 0.3231901041666666 0.34315364583333335 0.3231901041666666 0.34315364583333335 0.44557031249999995
10 0.2027421875 0.21875 0.2027421875 0.36645312499999994 0.34812760416666666 0.36645312499999994 0.34812760416666666 0.21875 0.2027421875 0.21875
9 0.5952971354166665 0.44982291666666663 0.5939708333333333 0.4180130208333333 0.5634682291666666 0.3928302083333333 0.51638828125 0.35638125 0.48257031249999993 0.3318611979166667 0.4434473958333333 0.32059505208333333 0.41692343750000005 0.32258333333333333 0.3983567708333333 0.32589687500000003 0.37647447916666665 0.3311984375 0.3705065104166666 0.3557184895833333 0.42488072916666664 0.37758776041666664 0.5097572916666666 0.42397734375 0.5634682291666666 0.44982291666666663 0.5952971354166665 0.44982291666666663
9 0.8479377604166667 0.5101291666666666 0.8505903645833331 0.4816328125 0.8340127604166666 0.45910078125 0.8021841145833333 0.4405450520833333 0.7663765625 0.40873515625 0.7504622395833334 0.39879453125 0.7418419270833333 0.39878125 0.7246015625 0.43524348958333337 0.74979921875 0.46771588541666664 0.7948898437499999 0.5081411458333334 0.8373283854166665 0.5326611979166667 0.8479377604166667 0.5101291666666666
9 0.7909114583333332 0.4173502604166666 0.8161091145833332 0.44385859375000003 0.8505903645833331 0.47235494791666666 0.8791033854166667 0.4796447916666667 0.8877236979166666 0.45644999999999997 0.8903763020833333 0.4021080729166666 0.8744617187499999 0.36963541666666666 0.8240664062499998 0.31860703125 0.7670398437499999 0.27818177083333334 0.7398526041666666 0.2695666666666667 0.7040453125 0.2848088541666667 0.7053716145833333 0.30336484375 0.7192966145833333 0.3179442708333333 0.7378635416666667 0.3477661458333333 0.7597455729166666 0.37957604166666664 0.7909114583333332 0.4173502604166666
9 0.7226119791666666 0.63118984375 0.7133286458333332 0.60136796875 0.7192966145833333 0.5755223958333333 0.7186335937499999 0.54570078125 0.6974143229166666 0.5324466145833333 0.6715533854166666 0.5205179687499999 0.6523236979166666 0.5012994791666666 0.6317674479166666 0.49400963541666665 0.6075643229166666 0.4932729166666666 0.6138638020833334 0.5423872395833333 0.6357460937499999 0.5881140625 0.6715533854166666 0.6404677083333332 0.7053716145833333 0.6497455729166666 0.7226119791666666 0.63118984375
10 0.8437929687499999 0.7107291666666666 0.9631497395833332 0.7107291666666666 0.9631497395833332 0.606828125 0.8437929687499999 0.606828125 0.8437929687499999 0.7107291666666666
9 0.6070664062499999 0.7630833333333333 0.8786054687499998 0.7630833333333333 0.8786054687499998 0.6292083333333334 0.6070664062499999 0.6292083333333334 0.6070664062499999 0.7630833333333333
11 0.5036223958333333 0.7630846354166666 0.6316015625 0.7630846354166666 0.6316015625 0.6731393229166667 0.5036223958333333 0.6731393229166667 0.5036223958333333 0.7630846354166666
10 0.11106901041666664 0.5686419270833333 0.25380078125 0.5686419270833333 0.25380078125 0.4841549479166666 0.11106901041666664 0.4841549479166666 0.11106901041666664 0.5686419270833333