10 0.21355208333333336 0.4741848958333333 0.3438333333333333 0.4741848958333333 0.3438333333333333 0.3744140625 0.21355208333333336 0.3744140625 0.21355208333333336 0.4741848958333333
10 0.354203125 0.5955377604166666 0.48068229166666665 0.5955377604166666 0.48068229166666665 0.41397265625 0.354203125 0.41397265625 0.354203125 0.5955377604166666
11 0.34682421874999997 0.6719986979166667 0.43406640625000004 0.6719986979166667 0.43406640625000004 0.6048138020833334 0.34682421874999997 0.6048138020833334 0.34682421874999997 0.6719986979166667
9 0.2068763020833333 0.6638776041666666 0.3596549479166667 0.6638776041666666 0.3596549479166667 0.5556328125000001 0.2068763020833333 0.5556328125000001 0.2068763020833333 0.6638776041666666
11 0.7574791666666667 0.4978997395833333 0.842046875 0.4978997395833333 0.842046875 0.4311627604166667 0.7574791666666667 0.4311627604166667 0.7574791666666667 0.4978997395833333
9 0.7047708333333333 0.44395572916666665 0.8146770833333333 0.44395572916666665 0.8146770833333333 0.2258046875 0.7047708333333333 0.2258046875 0.7047708333333333 0.44395572916666665
11 0.5933658854166667 0.4855013020833333 0.6794309895833333 0.4855013020833333 0.6794309895833333 0.3952643229166667 0.5933658854166667 0.3952643229166667 0.5933658854166667 0.4855013020833333
9 0.4360981770833333 0.39613671874999995 0.46817213541666663 0.40724921875 0.4801463541666666 0.43075598958333333 0.4951140625 0.44956171874999995 0.5053778645833333 0.47648776041666663 0.5079437499999999 0.5115343749999999 0.5130755208333333 0.5363236979166667 0.5460046875 0.5299127604166667 0.5827828125 0.5166632812499999 0.5844934895833334 0.49016458333333335 0.57636796875 0.45768229166666663 0.5656765625 0.4260546874999999 0.5515640625 0.3918627604166667 0.5417281249999999 0.37220234375 0.5280432291666666 0.3469859375 0.5130755208333333 0.3508325520833333 0.4835674479166666 0.34442135416666664 0.4626125 0.3230515625 0.44122994791666664 0.30894739583333336 0.43096640624999993 0.31279401041666666 0.42626223958333326 0.33972005208333333 0.39932005208333327 0.3499776041666666 0.3839244791666666 0.358953125 0.4018859375 0.37733125 0.4360981770833333 0.39613671874999995
10 0.5615546874999999 0.6908320312499999 0.6945026041666666 0.6908320312499999 0.6945026041666666 0.5650690104166667 0.5615546874999999 0.5650690104166667 0.5615546874999999 0.6908320312499999
9 0.09270833333333332 0.49739713541666664 0.2497395833333333 0.49739713541666664 0.2497395833333333 0.3601653645833333 0.09270833333333332 0.3601653645833333 0.09270833333333332 0.49739713541666664
9 0.5599986979166667 0.6145859375 0.6602096354166667 0.6145859375 0.6602096354166667 0.4789348958333333 0.5599986979166667 0.4789348958333333 0.5599986979166667 0.6145859375