7 0.4041432291666666 0.361671875 0.28353906249999994 0.361671875 0.28353906249999994 0.4630052083333333 0.4041432291666666 0.4630052083333333 0.4041432291666666 0.361671875
6 0.30266015625 0.23417708333333334 0.10199088541666664 0.23417708333333334 0.10199088541666664 0.42988020833333335 0.30266015625 0.42988020833333335 0.30266015625 0.23417708333333334
6 0 0.25712369791666667 0 0.5474908854166667 0.11716276041666665 0.5474908854166667 0.11716276041666665 0.25712369791666667 0 0.25712369791666667
8 0.1396015625 0.5274036458333333 0.07458072916666666 0.5274036458333333 0.07458072916666666 0.6132369791666666 0.1396015625 0.6132369791666666 0.1396015625 0.5274036458333333
6 0.32930729166666667 0.4726653645833333 0.10581770833333333 0.4726653645833333 0.10581770833333333 0.6702721354166666 0.32930729166666667 0.6702721354166666 0.32930729166666667 0.4726653645833333
6 0.17083593749999998 0.78125 0.4388203125 0.78125 0.4388203125 0.6752916666666666 0.17083593749999998 0.6752916666666666 0.17083593749999998 0.78125
7 0.43728906249999994 0.78125 0.5313776041666667 0.78125 0.5313776041666667 0.7097135416666667 0.43728906249999994 0.7097135416666667 0.43728906249999994 0.78125
7 0.5851770833333333 0.6204700520833333 0.4760468749999999 0.6204700520833333 0.4760468749999999 0.7309778645833334 0.5851770833333333 0.7309778645833334 0.5851770833333333 0.6204700520833333
7 0.6839830729166666 0.6638177083333333 0.5819908854166667 0.6638177083333333 0.5819908854166667 0.7666562499999999 0.6839830729166666 0.7666562499999999 0.6839830729166666 0.6638177083333333
7 0.7617513020833333 0.5331393229166667 0.6373216145833333 0.5331393229166667 0.6373216145833333 0.6365169270833333 0.7617513020833333 0.6365169270833333 0.7617513020833333 0.5331393229166667
6 0.60519453125 0.6839158854166667 0.6414015624999999 0.66251015625 0.6663895833333333 0.6416140625 0.6408916666666666 0.6202085937499999 0.64752109375 0.5962546874999999 0.6674096354166666 0.5748489583333333 0.6944374999999999 0.5549723958333332 0.7306445312500001 0.5391729166666666 0.7546127604166667 0.5111416666666667 0.7612421875 0.4800526041666666 0.7352341145833333 0.46527265624999997 0.7102460937499999 0.4617049479166667 0.6816885416666667 0.4820911458333333 0.6577203125000001 0.49941953124999994 0.6332421874999999 0.5208252604166667 0.6128440104166666 0.5412114583333333 0.5924455729166667 0.5615979166666667 0.5674575520833333 0.5870807291666666 0.5490989583333332 0.6033898437499999 0.5363499999999999 0.6151119791666666 0.5531786458333333 0.6416140625 0.5791864583333333 0.6772903645833332 0.60519453125 0.6839158854166667
6 0.788525 0.61252890625 0.8369710937499999 0.5987682291666666 0.8798078125 0.5880653645833334 0.9282539062499999 0.5712466145833333 0.9476322916666666 0.5610536458333333 0.96497109375 0.5396479166666667 0.95834140625 0.51671328125 0.9328434895833333 0.4922497395833333 0.9104052083333333 0.4922497395833333 0.8639989583333332 0.4947979166666666 0.8313614583333333 0.503971875 0.7977041666666667 0.51110703125 0.7727161458333333 0.5202809895833334 0.7467083333333333 0.5274161458333333 0.7431385416666666 0.5396479166666667 0.7426286458333333 0.5442348958333334 0.7518078125 0.5737950520833334 0.7650669270833333 0.6064130208333334 0.788525 0.61252890625
6 0.8410520833333333 0.6096510416666667 0.6578489583333333 0.6096510416666667 0.6578489583333333 0.70865625 0.8410520833333333 0.70865625 0.8410520833333333 0.6096510416666667
6 0.9619114583333334 0.3164075520833333 0.7936249999999999 0.3164075520833333 0.7936249999999999 0.50084765625 0.9619114583333334 0.50084765625 0.9619114583333334 0.3164075520833333
6 0.8991875 0.21875130208333332 0.7069322916666666 0.21875130208333332 0.7069322916666666 0.40692578125 0.8991875 0.40692578125 0.8991875 0.21875130208333332
8 0.1623763020833333 0.6584375 0.07864973958333332 0.6584375 0.07864973958333332 0.726609375 0.1623763020833333 0.726609375 0.1623763020833333 0.6584375