4 0.8933802083333333 0.33604296875 0.7864635416666667 0.33604296875 0.7864635416666667 0.45983723958333333 0.8933802083333333 0.45983723958333333 0.8933802083333333 0.33604296875
4 0.7845130208333334 0.6398645833333333 0.7092057291666667 0.6398645833333333 0.7092057291666667 0.7637135416666666 0.7845130208333334 0.7637135416666666 0.7845130208333334 0.6398645833333333
4 0.8810820312499998 0.65873828125 0.7908242187499999 0.65873828125 0.7908242187499999 0.7509752604166666 0.8810820312499998 0.7509752604166666 0.8810820312499998 0.65873828125
5 1 0.7788828124999999 1 0.5938567708333333 0.9000299479166666 0.5938567708333333 0.9000299479166666 0.7788828124999999 1 0.7788828124999999
5 0.41768359374999997 0.4671184895833333 0.25901432291666665 0.4671184895833333 0.25901432291666665 0.6421627604166666 0.41768359374999997 0.6421627604166666 0.41768359374999997 0.4671184895833333
5 0.6527695312499999 0.5712864583333334 0.4887200520833333 0.5712864583333334 0.4887200520833333 0.7771302083333333 0.6527695312499999 0.7771302083333333 0.6527695312499999 0.5712864583333334
5 0.7513789062499999 0.59385546875 0.62413671875 0.59385546875 0.62413671875 0.7812486979166666 0.7513789062499999 0.7812486979166666 0.7513789062499999 0.59385546875
5 0.9572773437500001 0.30826562500000004 0.8619830729166665 0.30826562500000004 0.8619830729166665 0.4890416666666667 0.9572773437500001 0.4890416666666667 0.9572773437500001 0.30826562500000004
4 0.16050520833333332 0.4402109375 0.06163541666666665 0.4402109375 0.06163541666666665 0.5387682291666667 0.16050520833333332 0.5387682291666667 0.16050520833333332 0.4402109375
4 0.5590325520833332 0.3030572916666666 0.5590325520833332 0.21875 0.4460820312499999 0.21875 0.4460820312499999 0.3030572916666666 0.5590325520833332 0.3030572916666666
4 0.32932552083333333 0.31173697916666665 0.22743489583333334 0.31173697916666665 0.22743489583333334 0.41248177083333337 0.32932552083333333 0.41248177083333337 0.32932552083333333 0.31173697916666665
3 0.8286914062499999 0.4627786458333333 0.61632421875 0.4627786458333333 0.61632421875 0.6105911458333333 0.8286914062499999 0.6105911458333333 0.8286914062499999 0.4627786458333333
3 0.4744830729166666 0.31000260416666664 0.32530859375 0.31000260416666664 0.32530859375 0.5214036458333333 0.4744830729166666 0.5214036458333333 0.4744830729166666 0.31000260416666664
3 0.40269270833333326 0.3514231770833333 0.17882291666666666 0.3514231770833333 0.17882291666666666 0.5261393229166667 0.40269270833333326 0.5261393229166667 0.40269270833333326 0.3514231770833333
3 0.9872565104166664 0.4271888020833333 0.8388893229166665 0.4271888020833333 0.8388893229166665 0.6484778645833333 0.9872565104166664 0.6484778645833333 0.9872565104166664 0.4271888020833333
3 0.8957473958333333 0.4350013020833333 0.7508203124999999 0.4350013020833333 0.7508203124999999 0.6224309895833333 0.8957473958333333 0.6224309895833333 0.8957473958333333 0.4350013020833333
3 0.48000390625 0.22059244791666668 0.3012200520833333 0.22059244791666668 0.3012200520833333 0.3043502604166667 0.48000390625 0.3043502604166667 0.48000390625 0.22059244791666668