11 0.41811718749999993 0.32776953124999997 0.4959505208333333 0.32776953124999997 0.4959505208333333 0.21992838541666665 0.41811718749999993 0.21992838541666665 0.41811718749999993 0.32776953124999997
9 0.48083203125 0.41553255208333334 0.62663671875 0.41553255208333334 0.62663671875 0.2863997395833333 0.48083203125 0.2863997395833333 0.48083203125 0.41553255208333334
10 0.67616796875 0.4858072916666666 0.8265820312500001 0.4858072916666666 0.8265820312500001 0.24265104166666665 0.67616796875 0.24265104166666665 0.67616796875 0.4858072916666666
10 0.6046614583333334 0.57937890625 0.7067239583333333 0.57937890625 0.7067239583333333 0.4515013020833333 0.6046614583333334 0.4515013020833333 0.6046614583333334 0.57937890625
11 0.7275429687499999 0.6187916666666666 0.8338059895833332 0.6187916666666666 0.8338059895833332 0.5498177083333333 0.7275429687499999 0.5498177083333333 0.7275429687499999 0.6187916666666666
9 0.7025585937499998 0.5737421875 0.8465403645833334 0.5737421875 0.8465403645833334 0.47679947916666665 0.7025585937499998 0.47679947916666665 0.7025585937499998 0.5737421875
10 0.7575950520833332 0.6183333333333334 0.6357591145833332 0.6183333333333334 0.6357591145833332 0.78125 0.7575950520833332 0.78125 0.7575950520833332 0.6183333333333334
11 0.4065716145833333 0.6190481770833334 0.5036940104166666 0.6190481770833334 0.5036940104166666 0.5518736979166666 0.4065716145833333 0.5518736979166666 0.4065716145833333 0.6190481770833334
9 0.46147395833333327 0.7742526041666666 0.6387864583333334 0.7742526041666666 0.6387864583333334 0.6219348958333333 0.46147395833333327 0.6219348958333333 0.46147395833333327 0.7742526041666666
10 0.34219921875 0.7265195312499999 0.4231861979166666 0.7265195312499999 0.4231861979166666 0.6255429687499999 0.34219921875 0.6255429687499999 0.34219921875 0.7265195312499999
10 0.24228125 0.5903059895833334 0.36657812500000003 0.5903059895833334 0.36657812500000003 0.48581380208333336 0.24228125 0.48581380208333336 0.24228125 0.5903059895833334
9 0.07222265625 0.55714453125 0.27287109374999996 0.55714453125 0.27287109374999996 0.40398046875000004 0.07222265625 0.40398046875000004 0.07222265625 0.55714453125
10 0.18693098958333335 0.7812486979166666 0.30394401041666663 0.7812486979166666 0.30394401041666663 0.5866627604166667 0.18693098958333335 0.5866627604166667 0.18693098958333335 0.7812486979166666
9 0.2030130208333333 0.43974739583333333 0.4136692708333333 0.43974739583333333 0.4136692708333333 0.22455468750000002 0.2030130208333333 0.22455468750000002 0.2030130208333333 0.43974739583333333
11 0.49338541666666663 0.44289713541666664 0.54971875 0.44289713541666664 0.54971875 0.39241015625 0.49338541666666663 0.39241015625 0.49338541666666663 0.44289713541666664
9 0.36823828125 0.6139973958333333 0.4934752604166667 0.6139973958333333 0.4934752604166667 0.4310807291666666 0.36823828125 0.4310807291666666 0.36823828125 0.6139973958333333