4 0.17865234375 0.6337864583333334 0.04774869791666666 0.6337864583333334 0.04774869791666666 0.75503125 0.17865234375 0.75503125 0.17865234375 0.6337864583333334
4 0.15971875 0.4549661458333333 0.08594270833333333 0.4549661458333333 0.08594270833333333 0.5553411458333333 0.15971875 0.5553411458333333 0.15971875 0.4549661458333333
4 0.30408203125 0.46017578124999997 0.2152825520833333 0.46017578124999997 0.2152825520833333 0.5592877604166666 0.30408203125 0.5592877604166666 0.30408203125 0.46017578124999997
4 0.7411263020833332 0.4905572916666666 0.6597278645833333 0.4905572916666666 0.6597278645833333 0.6216406250000001 0.7411263020833332 0.6216406250000001 0.7411263020833332 0.4905572916666666
4 0.11948307291666667 0.2839596354166667 0.032990885416666664 0.2839596354166667 0.032990885416666664 0.35881119791666666 0.11948307291666667 0.35881119791666666 0.11948307291666667 0.2839596354166667
5 0.4397708333333332 0.36382161458333334 0.32552604166666665 0.36382161458333334 0.32552604166666665 0.5127200520833333 0.4397708333333332 0.5127200520833333 0.4397708333333332 0.36382161458333334
5 0.6496145833333333 0.24663411458333334 0.4869843749999999 0.24663411458333334 0.4869843749999999 0.4282669270833333 0.6496145833333333 0.4282669270833333 0.6496145833333333 0.24663411458333334
5 0.9115234375 0.35813411458333333 0.7795182291666667 0.35813411458333333 0.7795182291666667 0.5632356770833333 0.9115234375 0.5632356770833333 0.9115234375 0.35813411458333333
3 0.8357916666666666 0.48361197916666665 0.6885468749999999 0.48361197916666665 0.6885468749999999 0.7195130208333333 0.8357916666666666 0.7195130208333333 0.8357916666666666 0.48361197916666665
3 0.8768125 0.29003645833333336 0.6991250000000001 0.29003645833333336 0.6991250000000001 0.474046875 0.8768125 0.474046875 0.8768125 0.29003645833333336
4 0.18403125 0.78125 0.287515625 0.78125 0.287515625 0.6685091145833333 0.18403125 0.6685091145833333 0.18403125 0.78125
3 0.2883046875 0.49055859375 0.13977864583333333 0.49055859375 0.13977864583333333 0.6397955729166667 0.2883046875 0.6397955729166667 0.2883046875 0.49055859375
3 0.4058476562499999 0.2561822916666667 0.24504817708333332 0.2561822916666667 0.24504817708333332 0.44089583333333326 0.4058476562499999 0.44089583333333326 0.4058476562499999 0.2561822916666667
3 0.293828125 0.27527994791666666 0.126375 0.27527994791666666 0.126375 0.4424752604166667 0.293828125 0.4424752604166667 0.293828125 0.27527994791666666
3 0.3979609375 0.46104296875 0.24813281249999997 0.46104296875 0.24813281249999997 0.66347265625 0.3979609375 0.66347265625 0.3979609375 0.46104296875