10 0.2599934895833333 0.33940494791666664 0.4724075520833333 0.33940494791666664 0.4724075520833333 0.23515234375 0.2599934895833333 0.23515234375 0.2599934895833333 0.33940494791666664
10 0.15646093749999998 0.41799479166666664 0.34910156249999996 0.41799479166666664 0.34910156249999996 0.29796875 0.15646093749999998 0.29796875 0.15646093749999998 0.41799479166666664
9 0.13901171875 0.5784062499999999 0.2769778645833333 0.5784062499999999 0.2769778645833333 0.4305833333333333 0.13901171875 0.4305833333333333 0.13901171875 0.5784062499999999
10 0.22451302083333333 0.70551171875 0.3256015625 0.70551171875 0.3256015625 0.5655247395833334 0.22451302083333333 0.5655247395833334 0.22451302083333333 0.70551171875
11 0.3245559895833333 0.7150690104166666 0.3879544270833333 0.7150690104166666 0.3879544270833333 0.6318320312499999 0.3245559895833333 0.6318320312499999 0.3245559895833333 0.7150690104166666
10 0.6239856770833333 0.7248515624999999 0.7578789062499999 0.7248515624999999 0.7578789062499999 0.6469557291666665 0.6239856770833333 0.6469557291666665 0.6239856770833333 0.7248515624999999
9 0.39086197916666665 0.7536822916666666 0.6235182291666665 0.7536822916666666 0.6235182291666665 0.64171875 0.39086197916666665 0.64171875 0.39086197916666665 0.7536822916666666
10 0.4391393229166666 0.5370013020833333 0.5830377604166666 0.5370013020833333 0.5830377604166666 0.4259309895833333 0.4391393229166666 0.4259309895833333 0.4391393229166666 0.5370013020833333
9 0.5839674479166665 0.5700169270833333 0.8226731770833332 0.5700169270833333 0.8226731770833332 0.4236028645833333 0.5839674479166665 0.4236028645833333 0.5839674479166665 0.5700169270833333
11 0.8319778645833333 0.5746679687499999 0.9550533854166666 0.5746679687499999 0.9550533854166666 0.49921744791666656 0.8319778645833333 0.49921744791666656 0.8319778645833333 0.5746679687499999
9 0.7444999999999998 0.4255286458333333 0.9143385416666666 0.4255286458333333 0.9143385416666666 0.33170572916666663 0.7444999999999998 0.33170572916666663 0.7444999999999998 0.4255286458333333
11 0.4775260416666667 0.35484375 0.5538385416666667 0.35484375 0.5538385416666667 0.27703125 0.4775260416666667 0.27703125 0.4775260416666667 0.35484375
9 0.5543046875 0.39344010416666664 0.7813776041666667 0.39344010416666664 0.7813776041666667 0.2886640625 0.5543046875 0.2886640625 0.5543046875 0.39344010416666664