7 0.39899218750000004 0.419953125 0.5264921874999999 0.419953125 0.5264921874999999 0.29740625 0.39899218750000004 0.29740625 0.39899218750000004 0.419953125
7 0.52776171875 0.41234635416666665 0.6438424479166667 0.41234635416666665 0.6438424479166667 0.3013723958333333 0.52776171875 0.3013723958333333 0.52776171875 0.41234635416666665
6 0.68412109375 0.39713151041666667 0.9736914062499998 0.39713151041666667 0.9736914062499998 0.24348828125000002 0.68412109375 0.24348828125000002 0.68412109375 0.39713151041666667
8 0.6289348958333333 0.5036354166666667 0.7294765625 0.5036354166666667 0.7294765625 0.406828125 0.6289348958333333 0.406828125 0.6289348958333333 0.5036354166666667
6 0.4432369791666666 0.21875 0.4432369791666666 0.28392708333333333 0.6100651041666667 0.28392708333333333 0.6100651041666667 0.21875 0.4432369791666666 0.21875
6 0.5613815104166666 0.21875 0.5613815104166666 0.31721354166666665 0.7546914062500001 0.31721354166666665 0.7546914062500001 0.21875 0.5613815104166666 0.21875
7 0.10894921875 0.5839739583333333 0.18921223958333333 0.5839739583333333 0.18921223958333333 0.45512499999999995 0.10894921875 0.45512499999999995 0.10894921875 0.5839739583333333
6 0.011220052083333334 0.6447968749999999 0.12341536458333331 0.6447968749999999 0.12341536458333331 0.4239635416666666 0.011220052083333334 0.4239635416666666 0.011220052083333334 0.6447968749999999
6 0.0000013020833333321491 0.45397395833333326 0.13463411458333333 0.45397395833333326 0.13463411458333333 0.255671875 0.0000013020833333321491 0.255671875 0.0000013020833333321491 0.45397395833333326
6 0.14075390624999998 0.43518359375 0.32944401041666665 0.43518359375 0.32944401041666665 0.23641536458333334 0.14075390624999998 0.23641536458333334 0.14075390624999998 0.43518359375
6 0.14075260416666666 0.21875 0.14075260416666666 0.3168697916666666 0.25519010416666665 0.3168697916666666 0.25519010416666665 0.21875 0.14075260416666666 0.21875
6 0.3070052083333333 0.21875 0.3070052083333333 0.3158489583333333 0.44694270833333327 0.3158489583333333 0.44694270833333327 0.21875 0.3070052083333333 0.21875