10 0.40526692708333323 0.6263776041666667 0.32806640625 0.6263776041666667 0.32806640625 0.7040546875 0.40526692708333323 0.7040546875 0.40526692708333323 0.6263776041666667
9 0.3347291666666667 0.6649036458333333 0.19508854166666664 0.6649036458333333 0.19508854166666664 0.7728776041666666 0.3347291666666667 0.7728776041666666 0.3347291666666667 0.6649036458333333
10 0.6099361979166666 0.6353658854166666 0.50890234375 0.6353658854166666 0.50890234375 0.7342226562499999 0.6099361979166666 0.7342226562499999 0.6099361979166666 0.6353658854166666
11 0.44960677083333334 0.4700611979166666 0.3694036458333333 0.4700611979166666 0.3694036458333333 0.5344075520833333 0.44960677083333334 0.5344075520833333 0.44960677083333334 0.4700611979166666
9 0.5272942708333332 0.53721875 0.36042968750000004 0.53721875 0.36042968750000004 0.6803645833333333 0.5272942708333332 0.6803645833333333 0.5272942708333332 0.53721875
10 0.3839036458333333 0.33181770833333335 0.24247135416666668 0.33181770833333335 0.24247135416666668 0.4176354166666666 0.3839036458333333 0.4176354166666666 0.3839036458333333 0.33181770833333335
11 0.44845963541666667 0.4022421875 0.37236328125 0.4022421875 0.37236328125 0.4692473958333333 0.44845963541666667 0.4692473958333333 0.44845963541666667 0.4022421875
9 0.3604296875 0.40615364583333335 0.1470078125 0.40615364583333335 0.1470078125 0.5271171875 0.3604296875 0.5271171875 0.3604296875 0.40615364583333335
10 0.5799140625 0.405859375 0.5799140625 0.21875 0.4743776041666667 0.21875 0.4743776041666667 0.405859375 0.5799140625 0.405859375
11 0.7218372395833332 0.23107291666666666 0.63948046875 0.23107291666666666 0.63948046875 0.31218229166666667 0.7218372395833332 0.31218229166666667 0.7218372395833332 0.23107291666666666
9 0.7052096354166666 0.313234375 0.5573216145833333 0.313234375 0.5573216145833333 0.5441927083333333 0.7052096354166666 0.5441927083333333 0.7052096354166666 0.313234375
10 0.82160546875 0.5109309895833333 0.63586328125 0.5109309895833333 0.63586328125 0.6538138020833333 0.82160546875 0.6538138020833333 0.82160546875 0.5109309895833333