10 0.14244661458333333 0.5507942708333333 0.2921888020833333 0.5507942708333333 0.2921888020833333 0.40754427083333333 0.14244661458333333 0.40754427083333333 0.14244661458333333 0.5507942708333333
9 0.15016536458333332 0.4093541666666667 0.28713671874999996 0.4093541666666667 0.28713671874999996 0.27502604166666667 0.15016536458333332 0.27502604166666667 0.15016536458333332 0.4093541666666667
9 0.33597526041666664 0.5289518229166668 0.4883841145833333 0.5289518229166668 0.4883841145833333 0.23853776041666666 0.33597526041666664 0.23853776041666666 0.33597526041666664 0.5289518229166668
10 0.5171549479166666 0.3227434895833333 0.7315950520833333 0.3227434895833333 0.7315950520833333 0.21875130208333332 0.5171549479166666 0.21875130208333332 0.5171549479166666 0.3227434895833333
10 0.4862799479166666 0.5339492187499999 0.6080950520833334 0.5339492187499999 0.6080950520833334 0.4251914062499999 0.4862799479166666 0.4251914062499999 0.4862799479166666 0.5339492187499999
9 0.6020611979166667 0.7154830729166667 0.6988971354166666 0.7154830729166667 0.6988971354166666 0.5030794270833333 0.6020611979166667 0.5030794270833333 0.6020611979166667 0.7154830729166667
9 0.40979557291666663 0.7732799479166667 0.5057877604166666 0.7732799479166667 0.5057877604166666 0.6707877604166665 0.40979557291666663 0.6707877604166665 0.40979557291666663 0.7732799479166667
10 0.4083906249999999 0.6857578125 0.48501562499999995 0.6857578125 0.48501562499999995 0.5739505208333333 0.4083906249999999 0.5739505208333333 0.4083906249999999 0.6857578125
10 0.23577083333333332 0.765984375 0.3699375 0.765984375 0.3699375 0.665171875 0.23577083333333332 0.665171875 0.23577083333333332 0.765984375
9 0.7786080729166667 0.5063880208333333 0.9311575520833333 0.5063880208333333 0.9311575520833333 0.3381796875 0.7786080729166667 0.3381796875 0.7786080729166667 0.5063880208333333
11 0.8751627604166666 0.3111497395833333 0.9374726562500001 0.3111497395833333 0.9374726562500001 0.22310026041666667 0.8751627604166666 0.22310026041666667 0.8751627604166666 0.3111497395833333