8 0.6703020833333333 0.3579700520833333 0.5973072916666666 0.3579700520833333 0.5973072916666666 0.43780598958333333 0.6703020833333333 0.43780598958333333 0.6703020833333333 0.3579700520833333
8 0.7306197916666666 0.4152070312499999 0.6381770833333335 0.4152070312499999 0.6381770833333335 0.5017773437499999 0.7306197916666666 0.5017773437499999 0.7306197916666666 0.4152070312499999
6 0.9614192708333335 0.24103124999999997 0.6874140625 0.24103124999999997 0.6874140625 0.39401041666666664 0.9614192708333335 0.39401041666666664 0.9614192708333335 0.24103124999999997
6 0.7405286458333332 0.22077343750000003 0.5797682291666666 0.22077343750000003 0.5797682291666666 0.3379140625 0.7405286458333332 0.3379140625 0.7405286458333332 0.22077343750000003
6 0.6184205729166667 0.21875130208333332 0.46221484375 0.21875130208333332 0.46221484375 0.35464453125 0.6184205729166667 0.35464453125 0.6184205729166667 0.21875130208333332
7 0.5489934895833334 0.3296575520833333 0.4426419270833334 0.3296575520833333 0.4426419270833334 0.4491236979166667 0.5489934895833334 0.4491236979166667 0.5489934895833334 0.3296575520833333
7 0.6450078124999999 0.3173463541666667 0.5475182291666667 0.3173463541666667 0.5475182291666667 0.4294401041666667 0.6450078124999999 0.4294401041666667 0.6450078124999999 0.3173463541666667
7 0.25701822916666667 0.33213020833333334 0.25701822916666667 0.21875 0.16457552083333332 0.21875 0.16457552083333332 0.33213020833333334 0.25701822916666667 0.33213020833333334
7 0 0.47921614583333333 0 0.6024557291666666 0.06093229166666666 0.6024557291666666 0.06093229166666666 0.47921614583333333 0 0.47921614583333333
7 0.3178268229166667 0.5179895833333333 0.22821484375 0.5179895833333333 0.22821484375 0.6429843749999999 0.3178268229166667 0.6429843749999999 0.3178268229166667 0.5179895833333333
7 0.08431901041666665 0.78125 0.16962369791666668 0.78125 0.16962369791666668 0.6767799479166666 0.08431901041666665 0.6767799479166666 0.08431901041666665 0.78125
7 0.18291666666666667 0.4482408854166667 0.09921354166666667 0.4482408854166667 0.09921354166666667 0.6730872395833333 0.18291666666666667 0.6730872395833333 0.18291666666666667 0.4482408854166667
8 0.16111718749999998 0.37076822916666663 0.11572656249999999 0.37076822916666663 0.11572656249999999 0.41784114583333326 0.16111718749999998 0.41784114583333326 0.16111718749999998 0.37076822916666663
8 0.23701432291666666 0.5935143229166666 0.18510546875 0.5935143229166666 0.18510546875 0.6581627604166667 0.23701432291666666 0.6581627604166667 0.23701432291666666 0.5935143229166666
6 0.2579427083333333 0.31721093749999996 0.16233854166666667 0.31721093749999996 0.16233854166666667 0.5923151041666667 0.2579427083333333 0.5923151041666667 0.2579427083333333 0.31721093749999996
6 0.14118749999999997 0.28231380208333334 0.012692708333333327 0.28231380208333334 0.012692708333333327 0.5043528645833333 0.14118749999999997 0.5043528645833333 0.14118749999999997 0.28231380208333334
6 0.3952161458333333 0.24951432291666667 0.2501171875 0.24951432291666667 0.2501171875 0.5477408854166667 0.3952161458333333 0.5477408854166667 0.3952161458333333 0.24951432291666667