4 0.05121874999999999 0.7210911458333333 0.17391666666666666 0.7210911458333333 0.17391666666666666 0.6034036458333333 0.05121874999999999 0.6034036458333333 0.05121874999999999 0.7210911458333333
4 0.4604778645833333 0.5277174479166666 0.5880794270833333 0.5277174479166666 0.5880794270833333 0.41243359375 0.4604778645833333 0.41243359375 0.4604778645833333 0.5277174479166666
4 0.2986158854166666 0.6579505208333333 0.4050611979166666 0.6579505208333333 0.4050611979166666 0.5443776041666666 0.2986158854166666 0.5443776041666666 0.2986158854166666 0.6579505208333333
4 0.039067708333333326 0.47167708333333336 0.15814062499999998 0.47167708333333336 0.15814062499999998 0.37597395833333336 0.039067708333333326 0.37597395833333336 0.039067708333333326 0.47167708333333336
4 0.17535286458333332 0.37222916666666667 0.27883984375 0.37222916666666667 0.27883984375 0.2639947916666667 0.17535286458333332 0.2639947916666667 0.17535286458333332 0.37222916666666667
4 0.19878906249999997 0.2798828125 0.2930390625 0.2798828125 0.2930390625 0.2214609375 0.19878906249999997 0.2214609375 0.19878906249999997 0.2798828125
4 0.5321223958333332 0.21875 0.5321223958333332 0.29408854166666665 0.6504036458333332 0.29408854166666665 0.6504036458333332 0.21875 0.5321223958333332 0.21875
3 0.15712239583333334 0.6295338541666666 0.3340598958333333 0.6295338541666666 0.3340598958333333 0.44611718749999996 0.15712239583333334 0.44611718749999996 0.15712239583333334 0.6295338541666666
3 0.59983203125 0.44405338541666667 0.7647929687499999 0.44405338541666667 0.7647929687499999 0.30107682291666665 0.59983203125 0.30107682291666665 0.59983203125 0.44405338541666667
3 0.17448307291666665 0.44957942708333326 0.3948033854166667 0.44957942708333326 0.3948033854166667 0.35080078124999997 0.17448307291666665 0.35080078124999997 0.17448307291666665 0.44957942708333326
3 0.3133723958333333 0.3706510416666666 0.5304921874999999 0.3706510416666666 0.5304921874999999 0.23534895833333333 0.3133723958333333 0.23534895833333333 0.3133723958333333 0.3706510416666666
5 0.7343802083333334 0.3335533854166667 0.87996875 0.3335533854166667 0.87996875 0.22840494791666668 0.7343802083333334 0.22840494791666668 0.7343802083333334 0.3335533854166667
5 0.8862903645833333 0.5521888020833333 0.8862903645833333 0.7812486979166666 1 0.7812486979166666 1 0.5521888020833333 0.8862903645833333 0.5521888020833333
5 0.38802734375000003 0.41800781249999996 0.5423268229166667 0.41800781249999996 0.5423268229166667 0.3282317708333333 0.38802734375000003 0.3282317708333333 0.38802734375000003 0.41800781249999996
5 0.5425390625000001 0.3343424479166667 0.6724921875 0.3343424479166667 0.6724921875 0.25791796875 0.5425390625000001 0.25791796875 0.5425390625000001 0.3343424479166667