10 0.44156770833333325 0.6447877604166666 0.5966197916666667 0.6447877604166666 0.5966197916666667 0.5332122395833333 0.44156770833333325 0.5332122395833333 0.44156770833333325 0.6447877604166666
10 0.15370052083333335 0.728875 0.2558671875 0.728875 0.2558671875 0.5458333333333333 0.15370052083333335 0.5458333333333333 0.15370052083333335 0.728875
10 0.27194270833333334 0.5996315104166666 0.3916875 0.5996315104166666 0.3916875 0.4803268229166666 0.27194270833333334 0.4803268229166666 0.27194270833333334 0.5996315104166666
10 0.23964062499999997 0.4431627604166667 0.3700520833333333 0.4431627604166667 0.3700520833333333 0.30454036458333333 0.23964062499999997 0.30454036458333333 0.23964062499999997 0.4431627604166667
10 0.32452734375 0.42214062499999994 0.5046705729166666 0.42214062499999994 0.5046705729166666 0.2542083333333333 0.32452734375 0.2542083333333333 0.32452734375 0.42214062499999994
10 0.6325286458333332 0.3855026041666666 0.8201848958333333 0.3855026041666666 0.8201848958333333 0.28876302083333333 0.6325286458333332 0.28876302083333333 0.6325286458333332 0.3855026041666666
11 0.8580455729166665 0.5957213541666666 0.94879296875 0.5957213541666666 0.94879296875 0.5028619791666666 0.8580455729166665 0.5028619791666666 0.8580455729166665 0.5957213541666666
11 0.6947278645833334 0.7139036458333333 0.7669960937500001 0.7139036458333333 0.7669960937500001 0.6155442708333333 0.6947278645833334 0.6155442708333333 0.6947278645833334 0.7139036458333333
9 0.5416289062499999 0.618359375 0.7169648437499999 0.618359375 0.7169648437499999 0.40294791666666663 0.5416289062499999 0.40294791666666663 0.5416289062499999 0.618359375
9 0.7647434895833333 0.5134609375 0.8828346354166665 0.5134609375 0.8828346354166665 0.3616328125 0.7647434895833333 0.3616328125 0.7647434895833333 0.5134609375
11 0.5348697916666667 0.7712864583333332 0.6498072916666666 0.7712864583333332 0.6498072916666666 0.6966770833333333 0.5348697916666667 0.6966770833333333 0.5348697916666667 0.7712864583333332
9 0.3252786458333333 0.71302734375 0.5234505208333333 0.71302734375 0.5234505208333333 0.5960143229166667 0.3252786458333333 0.5960143229166667 0.3252786458333333 0.71302734375
9 0.3840234375 0.6876614583333333 0.23287760416666664 0.6876614583333333 0.23287760416666664 0.78125 0.3840234375 0.78125 0.3840234375 0.6876614583333333