3 0.8316028645833333 0.237953125 0.8316028645833333 0.3840677083333333 1 0.3840677083333333 1 0.237953125 0.8316028645833333 0.237953125
3 0.5243098958333332 0.7060950520833333 0.6369921875 0.7060950520833333 0.6369921875 0.46277994791666666 0.5243098958333332 0.46277994791666666 0.5243098958333332 0.7060950520833333
3 0.28906640625 0.38801432291666665 0.4587044270833333 0.38801432291666665 0.4587044270833333 0.2535794270833333 0.28906640625 0.2535794270833333 0.28906640625 0.38801432291666665
3 0.2673671875 0.5837565104166667 0.4405598958333333 0.5837565104166667 0.4405598958333333 0.37684244791666666 0.2673671875 0.37684244791666666 0.2673671875 0.5837565104166667
3 0.7413229166666667 0.5332434895833333 0.9328229166666666 0.5332434895833333 0.9328229166666666 0.35774609375 0.7413229166666667 0.35774609375 0.7413229166666667 0.5332434895833333
3 0.5972265625 0.6729453124999999 0.7285026041666667 0.6729453124999999 0.7285026041666667 0.47579947916666665 0.5972265625 0.47579947916666665 0.5972265625 0.6729453124999999
4 0.5720546875 0.7812486979166666 0.6354140625 0.7812486979166666 0.6354140625 0.7162513020833333 0.5720546875 0.7162513020833333 0.5720546875 0.7812486979166666
4 0.6640677083333333 0.7812486979166666 0.7513802083333332 0.7812486979166666 0.7513802083333332 0.7214596354166666 0.6640677083333333 0.7214596354166666 0.6640677083333333 0.7812486979166666
4 0.3993111979166667 0.4945677083333333 0.5091940104166666 0.4945677083333333 0.5091940104166666 0.4046197916666666 0.3993111979166667 0.4046197916666666 0.3993111979166667 0.4945677083333333
4 0.44358072916666663 0.62953515625 0.5423255208333334 0.62953515625 0.5423255208333334 0.4896888020833334 0.44358072916666663 0.4896888020833334 0.44358072916666663 0.62953515625
4 0.8949700520833332 0.4993033854166667 0.9999986979166667 0.4993033854166667 0.9999986979166667 0.39246744791666666 0.8949700520833332 0.39246744791666666 0.8949700520833332 0.4993033854166667
4 0.8923658854166666 0.6216432291666666 0.9999986979166667 0.6216432291666666 0.9999986979166667 0.5339609375000001 0.8923658854166666 0.5339609375000001 0.8923658854166666 0.6216432291666666