9 0.2879791666666667 0.3185364583333333 0.23360416666666667 0.3185364583333333 0.23360416666666667 0.4212604166666667 0.2879791666666667 0.4212604166666667 0.2879791666666667 0.3185364583333333
9 0.502453125 0.3842903645833333 0.2752916666666666 0.3842903645833333 0.2752916666666666 0.47470963541666666 0.502453125 0.47470963541666666 0.502453125 0.3842903645833333
10 0.20037760416666667 0.4126835937499999 0.1175078125 0.4126835937499999 0.1175078125 0.49969140625 0.20037760416666667 0.49969140625 0.20037760416666667 0.4126835937499999
9 0.25353515625 0.5003893229166666 0.12001692708333334 0.5003893229166666 0.12001692708333334 0.7269544270833334 0.25353515625 0.7269544270833334 0.25353515625 0.5003893229166666
9 0.31954817708333333 0.5314049479166666 0.23853515625 0.5314049479166666 0.23853515625 0.69816796875 0.31954817708333333 0.69816796875 0.31954817708333333 0.5314049479166666
10 0.2518372395833333 0.78125 0.31954817708333333 0.78125 0.31954817708333333 0.6884205729166666 0.2518372395833333 0.6884205729166666 0.2518372395833333 0.78125
9 0.4260624999999999 0.78125 0.5346770833333332 0.78125 0.5346770833333332 0.6675091145833333 0.4260624999999999 0.6675091145833333 0.4260624999999999 0.78125
10 0.4374635416666666 0.63141015625 0.31804687499999995 0.63141015625 0.31804687499999995 0.72469921875 0.4374635416666666 0.72469921875 0.4374635416666666 0.63141015625
9 0.5939869791666668 0.5188932291666666 0.48707031250000005 0.5188932291666666 0.48707031250000005 0.6755338541666667 0.5939869791666668 0.6755338541666667 0.5939869791666668 0.5188932291666666
11 0.5247747395833333 0.4468841145833332 0.44356380208333335 0.4468841145833332 0.44356380208333335 0.5240013020833333 0.5247747395833333 0.5240013020833333 0.5247747395833333 0.4468841145833332
10 0.7234036458333333 0.5361979166666666 0.6285911458333333 0.5361979166666666 0.6285911458333333 0.6403489583333333 0.7234036458333333 0.6403489583333333 0.7234036458333333 0.5361979166666666
9 0.5333776041666667 0.5339968749999999 0.5653822916666666 0.5587859374999999 0.6037877604166667 0.5823752604166665 0.6293916666666666 0.5927705729166666 0.6465940104166666 0.5699809895833333 0.6497945312499999 0.5515890625 0.6401932291666667 0.534396875 0.6249908854166667 0.51480546875 0.6069882812499999 0.49281536458333336 0.5865854166666666 0.4692257812499999 0.5669825520833334 0.4608296875 0.55258046875 0.4452364583333333 0.54177890625 0.4356408854166666 0.5233760416666666 0.4328419270833333 0.5029731770833333 0.43524088541666667 0.49857265625 0.4392393229166666 0.5049734375 0.4676265625 0.5153749999999999 0.5048098958333334 0.5333776041666667 0.5339968749999999
9 0.6200901041666667 0.465990625 0.6620963541666666 0.4875809895833333 0.6756981770833332 0.4927786458333333 0.6909005208333333 0.5055729166666667 0.73490703125 0.51516875 0.7429080729166666 0.5159682291666666 0.7765130208333333 0.5239645833333333 0.8113179687499998 0.5267635416666666 0.8117182291666666 0.5043734375 0.8105179687499999 0.4827830729166666 0.8021166666666666 0.47198802083333324 0.7805135416666666 0.45399583333333327 0.7565101562499998 0.4440002604166667 0.7289059895833333 0.44080182291666664 0.7005018229166666 0.43360494791666665 0.6776986979166666 0.4268080729166666 0.6584958333333333 0.4196111979166666 0.6264911458333333 0.4176122395833334 0.60728828125 0.4160127604166666 0.5880856770833333 0.41687890625 0.5824846354166666 0.438003125 0.5880856770833333 0.44999765625 0.6200901041666667 0.465990625
10 0.9052317708333334 0.47188541666666667 0.7735130208333333 0.47188541666666667 0.7735130208333333 0.5518958333333334 0.9052317708333334 0.5518958333333334 0.9052317708333334 0.47188541666666667
10 0.93783984375 0.2731575520833333 0.7288059895833332 0.2731575520833333 0.7288059895833332 0.4577955729166666 0.93783984375 0.4577955729166666 0.93783984375 0.2731575520833333