10 0.16210807291666662 0.4265091145833333 0.34710026041666664 0.4265091145833333 0.34710026041666664 0.3293294270833333 0.16210807291666662 0.3293294270833333 0.16210807291666662 0.4265091145833333
9 0.138421875 0.5480585937499999 0.3166927083333333 0.5480585937499999 0.3166927083333333 0.4349466145833333 0.138421875 0.4349466145833333 0.138421875 0.5480585937499999
9 0.32085286458333334 0.48935546875 0.40150651041666663 0.48935546875 0.40150651041666663 0.31839453124999995 0.32085286458333334 0.31839453124999995 0.32085286458333334 0.48935546875
9 0.44567578124999996 0.7578880208333333 0.55129296875 0.7578880208333333 0.55129296875 0.5501640625 0.44567578124999996 0.5501640625 0.44567578124999996 0.7578880208333333
11 0.42167057291666665 0.54421875 0.4866419270833333 0.54421875 0.4866419270833333 0.4765520833333333 0.42167057291666665 0.4765520833333333 0.42167057291666665 0.54421875
9 0.37094140624999994 0.21875 0.37094140624999994 0.394140625 0.5040846354166666 0.394140625 0.5040846354166666 0.21875 0.37094140624999994 0.21875
9 0.5604153645833334 0.3895091145833333 0.8065377604166667 0.3895091145833333 0.8065377604166667 0.27812109375 0.5604153645833334 0.27812109375 0.5604153645833334 0.3895091145833333
10 0.7876536458333334 0.3415286458333333 0.9001536458333333 0.3415286458333333 0.9001536458333333 0.25971614583333336 0.7876536458333334 0.25971614583333336 0.7876536458333334 0.3415286458333333
10 0.7937330729166666 0.4509231770833333 0.9412773437499998 0.4509231770833333 0.9412773437499998 0.3541341145833333 0.7937330729166666 0.3541341145833333 0.7937330729166666 0.4509231770833333
9 0.6481080729166667 0.6686888020833333 0.8196575520833334 0.6686888020833333 0.8196575520833334 0.43734765624999994 0.6481080729166667 0.43734765624999994 0.6481080729166667 0.6686888020833333
9 0.57577734375 0.7800026041666667 0.68331640625 0.7800026041666667 0.68331640625 0.5884453125 0.57577734375 0.5884453125 0.57577734375 0.7800026041666667
10 0.5528932291666667 0.5017200520833333 0.6641119791666666 0.5017200520833333 0.6641119791666666 0.4020143229166666 0.5528932291666667 0.4020143229166666 0.5528932291666667 0.5017200520833333
9 0.86574609375 0.6226302083333333 0.93231640625 0.6226302083333333 0.93231640625 0.4524218749999999 0.86574609375 0.4524218749999999 0.86574609375 0.6226302083333333