10 0.27570833333333333 0.27681380208333334 0.03307812499999999 0.27681380208333334 0.03307812499999999 0.4789622395833334 0.27570833333333333 0.4789622395833334 0.27570833333333333 0.27681380208333334
10 0.46555468749999995 0.31921614583333335 0.2857369791666667 0.31921614583333335 0.2857369791666667 0.4332421875 0.46555468749999995 0.4332421875 0.46555468749999995 0.31921614583333335
9 0.32901953125 0.40191015624999993 0.18685546875 0.40191015624999993 0.18685546875 0.5559856770833334 0.32901953125 0.5559856770833334 0.32901953125 0.40191015624999993
11 0.20497916666666666 0.5074778645833333 0.09677083333333333 0.5074778645833333 0.09677083333333333 0.6164752604166667 0.20497916666666666 0.6164752604166667 0.20497916666666666 0.5074778645833333
11 0.37124739583333327 0.6209635416666666 0.2164140625 0.6209635416666666 0.2164140625 0.7091562499999999 0.37124739583333327 0.7091562499999999 0.37124739583333327 0.6209635416666666
10 0.5164036458333333 0.40718750000000004 0.3944713541666666 0.40718750000000004 0.3944713541666666 0.5600416666666665 0.5164036458333333 0.5600416666666665 0.5164036458333333 0.40718750000000004
10 0.6386875 0.4802057291666667 0.5070781249999999 0.4802057291666667 0.5070781249999999 0.5818463541666666 0.6386875 0.5818463541666666 0.6386875 0.4802057291666667
9 0.41453072916666667 0.5955841145833333 0.38145286458333333 0.6223122395833334 0.3701921875 0.6413033854166666 0.36456197916666666 0.6715481770833333 0.38356406249999997 0.6849122395833334 0.39834375 0.6975731770833333 0.43071796874999996 0.6891325520833333 0.458165625 0.6708450520833333 0.4849096354166667 0.658184375 0.4982815104166667 0.6455236979166666 0.5264330729166666 0.6166854166666667 0.5461390625 0.60754140625 0.5581033854166667 0.5927708333333334 0.5475466145833334 0.5702630208333332 0.5264330729166666 0.5386111979166667 0.5109497395833333 0.52665390625 0.5046156249999999 0.52454375 0.4743526041666666 0.551271875 0.4497200520833333 0.5674494791666667 0.41453072916666667 0.5955841145833333
11 0.5693640625 0.44928307291666664 0.5820322916666666 0.46194375 0.6045533854166667 0.48234140624999994 0.6221481770833333 0.49640885416666664 0.6256669270833333 0.52243359375 0.6263708333333333 0.5442380208333333 0.6404466145833333 0.5674494791666667 0.65663359375 0.5913640625 0.6678942708333333 0.6131684895833333 0.6854890625 0.6335664062499999 0.6988609375 0.6391932291666667 0.7220859374999999 0.6434135416666666 0.743903125 0.6321596354166666 0.7488299479166667 0.6103549479166667 0.743903125 0.58503359375 0.7340502604166667 0.55830546875 0.7270125000000001 0.54001796875 0.7234934895833334 0.5139932291666666 0.7108252604166666 0.49359531249999994 0.6967494791666666 0.4753078125 0.6826736979166667 0.45490989583333336 0.67000546875 0.43662239583333334 0.6531145833333334 0.42396171875000005 0.6418541666666666 0.40919088541666665 0.6327049479166666 0.39582682291666665 0.6228518229166667 0.40919088541666665 0.6122950520833333 0.42396171875000005 0.5841434895833333 0.42958854166666666 0.5693640625 0.44928307291666664
11 0.7829622395833333 0.6227239583333333 0.6988606770833333 0.6227239583333333 0.6988606770833333 0.7439947916666666 0.7829622395833333 0.7439947916666666 0.7829622395833333 0.6227239583333333
10 0.7613216145833333 0.2840260416666667 0.6254908854166665 0.2840260416666667 0.6254908854166665 0.4318385416666667 0.7613216145833333 0.4318385416666667 0.7613216145833333 0.2840260416666667
9 0.6942861979166667 0.30874765625 0.7217338541666667 0.3340690104166667 0.7344020833333332 0.3544669270833333 0.7702953125 0.35306015625 0.7914088541666666 0.3474330729166667 0.8040770833333333 0.3157815104166667 0.7857786458333333 0.2946802083333333 0.7597385416666667 0.2792059895833333 0.7322908854166666 0.26373203125 0.7210302083333333 0.24755442708333333 0.7020278645833333 0.22997005208333335 0.6851369791666666 0.22574999999999998 0.6598007812500001 0.23489374999999998 0.6759877604166666 0.26302864583333335 0.6802104166666666 0.2890533854166667 0.6942861979166667 0.30874765625
10 0.5707721354166666 0.21980598958333336 0.3906028645833333 0.21980598958333336 0.3906028645833333 0.35448046874999994 0.5707721354166666 0.35448046874999994 0.5707721354166666 0.21980598958333336