9 0.4359973958333333 0.6457096354166667 0.5439713541666666 0.6457096354166667 0.5439713541666666 0.4840455729166667 0.4359973958333333 0.4840455729166667 0.4359973958333333 0.6457096354166667
11 0.09457682291666666 0.43254947916666664 0.15620963541666666 0.43254947916666664 0.15620963541666666 0.36392447916666665 0.09457682291666666 0.36392447916666665 0.09457682291666666 0.43254947916666664
11 0.06699088541666667 0.3537825520833333 0.14044661458333332 0.3537825520833333 0.14044661458333332 0.28300390625 0.06699088541666667 0.28300390625 0.06699088541666667 0.3537825520833333
10 0.3876065104166667 0.4158026041666666 0.39958619791666666 0.4391177083333333 0.4147184895833333 0.47440546875 0.4298505208333333 0.49078906250000004 0.4487658854166666 0.48763854166666665 0.45696250000000005 0.4725151041666667 0.4613763020833333 0.45676171875 0.47398645833333325 0.46810416666666665 0.4935322916666666 0.46873437500000004 0.51496953125 0.4624328125 0.5288408854166666 0.45487135416666663 0.52568828125 0.4359671875 0.5086645833333333 0.41706302083333335 0.49164062499999994 0.40509036458333336 0.4727252604166667 0.38933697916666665 0.4525489583333333 0.37358359375 0.44056927083333336 0.35404921875 0.42417604166666667 0.3338848958333333 0.4008471354166666 0.3149807291666667 0.37751822916666666 0.2897752604166667 0.36112500000000003 0.2803231770833333 0.33779609374999997 0.27024088541666663 0.33212161458333334 0.28347369791666666 0.3302299479166667 0.31119973958333336 0.33968750000000003 0.34837786458333336 0.35040625 0.37484375 0.3686911458333333 0.3975286458333333 0.3876065104166667 0.4158026041666666
9 0.29050781249999996 0.51788515625 0.3340130208333333 0.5582138020833333 0.3573419270833333 0.56829609375 0.374365625 0.5468713541666667 0.3699520833333333 0.50717265625 0.37058255208333335 0.46810416666666665 0.35229791666666666 0.44037812499999995 0.28798567708333334 0.3962684895833333 0.22682630208333335 0.3590903645833333 0.18773463541666663 0.3439669270833333 0.161253125 0.34522734374999997 0.14044635416666665 0.36413151041666664 0.1581005208333333 0.383665625 0.17953802083333334 0.4038302083333333 0.20728046874999997 0.43659713541666667 0.24574140625 0.4813369791666666 0.29050781249999996 0.51788515625
10 0.20854296874999995 0.7212200520833333 0.31919661458333326 0.7212200520833333 0.31919661458333326 0.5859414062499999 0.20854296874999995 0.5859414062499999 0.20854296874999995 0.7212200520833333
9 0.23123984374999998 0.6287893229166667 0.2728533854166667 0.5985427083333332 0.27537552083333333 0.571446875 0.25646015625 0.5330083333333333 0.22682630208333335 0.4914192708333333 0.21043281249999998 0.47062473958333334 0.18710416666666668 0.4466794270833333 0.16566666666666666 0.42588489583333333 0.14864296875 0.4227341145833333 0.13083098958333333 0.4430067708333333 0.14422942708333333 0.4989809895833333 0.15873098958333334 0.5462411458333334 0.18079895833333332 0.5998028645833333 0.21295494791666664 0.63383046875 0.23123984374999998 0.6287893229166667
10 0.5531145833333333 0.6694114583333333 0.3713697916666666 0.6694114583333333 0.3713697916666666 0.78125 0.5531145833333333 0.78125 0.5531145833333333 0.6694114583333333
10 0.65651953125 0.6570950520833334 0.7794700520833333 0.6570950520833334 0.7794700520833333 0.5310091145833333 0.65651953125 0.5310091145833333 0.65651953125 0.6570950520833334
11 0.9430872395833333 0.4563346354166667 0.9939231770833332 0.4563346354166667 0.9939231770833332 0.38875390625 0.9430872395833333 0.38875390625 0.9430872395833333 0.4563346354166667
9 0.7516393229166667 0.60066015625 0.9350481770833333 0.60066015625 0.9350481770833333 0.4344856770833333 0.7516393229166667 0.4344856770833333 0.7516393229166667 0.60066015625
10 0.6440234374999999 0.4746848958333333 0.7512213541666666 0.4746848958333333 0.7512213541666666 0.3831588541666666 0.6440234374999999 0.3831588541666666 0.6440234374999999 0.4746848958333333
11 0.4388411458333333 0.21875 0.4388411458333333 0.280671875 0.5144661458333333 0.280671875 0.5144661458333333 0.21875 0.4388411458333333 0.21875
9 0.4769466145833333 0.4256380208333333 0.6655481770833334 0.4256380208333333 0.6655481770833334 0.27829427083333336 0.4769466145833333 0.27829427083333336 0.4769466145833333 0.4256380208333333
10 0.7890609375000001 0.44987057291666666 0.8168744791666664 0.45312343750000006 0.8461674479166665 0.44987057291666666 0.8725015624999999 0.4412947916666667 0.8896630208333333 0.42562213541666666 0.8941013020833333 0.4120192708333333 0.8674713541666665 0.4078791666666667 0.8514934895833333 0.4084705729166666 0.8257510416666666 0.40492213541666666 0.8062223958333332 0.3987119791666666 0.7863979166666667 0.39723359374999995 0.7792966145833333 0.38747499999999996 0.7677570312499999 0.3726893229166667 0.75503359375 0.35997369791666667 0.7420145833333333 0.34548359375 0.7275161458333332 0.33513359375 0.71242578125 0.32655807291666666 0.6973354166666667 0.32478359375 0.6937848958333334 0.33365520833333334 0.6937848958333334 0.3422307291666667 0.6961518229166666 0.3629307291666667 0.7136093750000001 0.39457213541666664 0.7346174479166667 0.41645494791666665 0.7562171874999999 0.4356763020833333 0.7890609375000001 0.44987057291666666