10 0.08746223958333332 0.4604505208333333 0.22499088541666662 0.4604505208333333 0.22499088541666662 0.3134505208333333 0.08746223958333332 0.3134505208333333 0.08746223958333332 0.4604505208333333
9 0.13370703125 0.6011145833333333 0.27163671875 0.6011145833333333 0.27163671875 0.45821875 0.13370703125 0.45821875 0.13370703125 0.6011145833333333
11 0.21453515624999997 0.67033984375 0.3468346354166666 0.67033984375 0.3468346354166666 0.5930768229166666 0.21453515624999997 0.5930768229166666 0.21453515624999997 0.67033984375
11 0.3391940104166667 0.5046601562499999 0.4182122395833333 0.5046601562499999 0.4182122395833333 0.4290638020833333 0.3391940104166667 0.4290638020833333 0.3391940104166667 0.5046601562499999
9 0.3056184895833333 0.7045208333333333 0.4139908854166666 0.7045208333333333 0.4139908854166666 0.507875 0.3056184895833333 0.507875 0.3056184895833333 0.7045208333333333
9 0.500046875 0.7064088541666667 0.6504427083333333 0.7064088541666667 0.6504427083333333 0.5386432291666666 0.500046875 0.5386432291666666 0.500046875 0.7064088541666667
10 0.38101562499999997 0.7799205729166666 0.5330208333333333 0.7799205729166666 0.5330208333333333 0.6758658854166666 0.38101562499999997 0.6758658854166666 0.38101562499999997 0.7799205729166666
11 0.6045989583333332 0.5448489583333332 0.6986979166666666 0.5448489583333332 0.6986979166666666 0.4803333333333333 0.6045989583333332 0.4803333333333333 0.6045989583333332 0.5448489583333332
10 0.5627778645833332 0.35515729166666665 0.5370416666666665 0.3439041666666666 0.5362375 0.3575684895833333 0.5418671875 0.37444791666666666 0.5474971354166667 0.40258020833333336 0.527390625 0.42187083333333336 0.5571481770833333 0.42830104166666666 0.5643864583333333 0.4363390625 0.5780588541666667 0.45080703125 0.5893184895833333 0.44116171875 0.6013822916666667 0.43232005208333335 0.6118375 0.44357291666666665 0.6263140624999999 0.44196536458333335 0.6415950520833332 0.41383307291666666 0.6496375000000001 0.38489713541666665 0.6568757812499999 0.36480260416666666 0.6600927083333332 0.3471192708333333 0.6600927083333332 0.3189869791666667 0.6608971354166666 0.2948736979166667 0.6560716145833333 0.27317161458333333 0.64802890625 0.25789973958333334 0.6432033854166666 0.24584296874999997 0.6255098958333333 0.24182421875000001 0.60459921875 0.26272239583333334 0.5925354166666665 0.2852283854166667 0.58127578125 0.31014557291666667 0.5716247395833334 0.33988541666666666 0.5627778645833332 0.35515729166666665
10 0.34241197916666666 0.30773411458333333 0.32954375 0.31979088541666667 0.3158713541666666 0.3366703125 0.2957651041666667 0.35676484375 0.28128828125 0.3559609375 0.2676161458333333 0.33586640624999997 0.24268411458333333 0.3294361979166667 0.22981614583333335 0.3447080729166666 0.2338372395833333 0.3720364583333333 0.24750963541666665 0.35997994791666665 0.245096875 0.3479231770833333 0.2563565104166666 0.3527458333333333 0.26279062499999994 0.37605546875 0.2796799479166666 0.38489713541666665 0.3062203125 0.38971979166666665 0.3351734375 0.38971979166666665 0.35527994791666667 0.3929348958333333 0.36332239583333326 0.411421875 0.3810161458333333 0.41785208333333335 0.40514374999999997 0.42588984375 0.44133515624999997 0.43955416666666663 0.4461606770833333 0.41945963541666664 0.4453565104166667 0.39454244791666665 0.45259479166666666 0.3776630208333333 0.4606375 0.3591760416666666 0.4477692708333333 0.33827786458333337 0.4477692708333333 0.32139843749999997 0.45339921875 0.2988924479166667 0.4566161458333333 0.2796018229166667 0.45902890625000003 0.24745078124999997 0.43811822916666665 0.23298255208333335 0.41559921875 0.23780520833333335 0.39388411458333333 0.25146953125 0.3777989583333333 0.2739755208333333 0.36493098958333337 0.28763958333333334 0.34241197916666666 0.30773411458333333
10 0.6986979166666666 0.49099609375000003 0.8032499999999999 0.49099609375000003 0.8032499999999999 0.36170703125000003 0.6986979166666666 0.36170703125000003 0.6986979166666666 0.49099609375000003
10 0.7454687499999999 0.7790208333333333 0.8395989583333332 0.7790208333333333 0.8395989583333332 0.6543541666666666 0.7454687499999999 0.6543541666666666 0.7454687499999999 0.7790208333333333
9 0.7623919270833334 0.6492682291666666 0.9137434895833332 0.6492682291666666 0.9137434895833332 0.46813802083333333 0.7623919270833334 0.46813802083333333 0.7623919270833334 0.6492682291666666
11 0.8615221354166666 0.4655598958333333 0.9872434895833333 0.4655598958333333 0.9872434895833333 0.36639322916666667 0.8615221354166666 0.36639322916666667 0.8615221354166666 0.4655598958333333