7 0.13646874999999997 0.4856041666666666 0.2695520833333333 0.4856041666666666 0.2695520833333333 0.3956875 0.13646874999999997 0.3956875 0.13646874999999997 0.4856041666666666
7 0.13597135416666667 0.5760013020833333 0.27074739583333335 0.5760013020833333 0.27074739583333335 0.4765611979166667 0.13597135416666667 0.4765611979166667 0.13597135416666667 0.5760013020833333
7 0.0010950520833333365 0.7007018229166666 0.09562890625 0.7007018229166666 0.09562890625 0.5963815104166666 0.0010950520833333365 0.5963815104166666 0.0010950520833333365 0.7007018229166666
6 0.0399765625 0.6082565104166666 0.15027864583333334 0.6082565104166666 0.15027864583333334 0.44504557291666663 0.0399765625 0.44504557291666663 0.0399765625 0.6082565104166666
8 0.14984244791666665 0.3489544270833333 0.22293880208333333 0.3489544270833333 0.22293880208333333 0.2870247395833333 0.14984244791666665 0.2870247395833333 0.14984244791666665 0.3489544270833333
6 0.25241145833333334 0.48485546875 0.5051145833333333 0.48485546875 0.5051145833333333 0.37822786458333335 0.25241145833333334 0.37822786458333335 0.25241145833333334 0.48485546875
6 0.21739583333333332 0.38479296874999996 0.42691145833333327 0.38479296874999996 0.42691145833333327 0.23955078125 0.21739583333333332 0.23955078125 0.21739583333333332 0.38479296874999996
7 0.42982942708333327 0.3783671875 0.5039466145833333 0.3783671875 0.5039466145833333 0.2721484375 0.42982942708333327 0.2721484375 0.42982942708333327 0.3783671875
6 0.5194114583333334 0.3712278645833333 0.6623958333333334 0.3712278645833333 0.6623958333333334 0.21939713541666667 0.5194114583333334 0.21939713541666667 0.5194114583333334 0.3712278645833333
7 0.6376302083333333 0.21875 0.6376302083333333 0.28815625 0.7394895833333334 0.28815625 0.7394895833333334 0.21875 0.6376302083333333 0.21875
7 0.6450065104166667 0.3982291666666667 0.7568216145833333 0.3982291666666667 0.7568216145833333 0.2863125 0.6450065104166667 0.2863125 0.6450065104166667 0.3982291666666667
7 0.5901315104166667 0.48483723958333336 0.7242226562499999 0.48483723958333336 0.7242226562499999 0.3965794270833333 0.5901315104166667 0.3965794270833333 0.5901315104166667 0.48483723958333336
7 0.8013710937499999 0.5678124999999999 0.9116393229166666 0.5678124999999999 0.9116393229166666 0.47181249999999997 0.8013710937499999 0.47181249999999997 0.8013710937499999 0.5678124999999999
7 0.9194583333333334 0.3953203125 0.9194583333333334 0.5057942708333333 1 0.5057942708333333 1 0.3953203125 0.9194583333333334 0.3953203125
6 0.9119895833333332 0.5097513020833333 0.9119895833333332 0.7812486979166666 1 0.7812486979166666 1 0.5097513020833333 0.9119895833333332 0.5097513020833333
6 0.5043893229166667 0.5839492187499999 0.8121992187499998 0.5839492187499999 0.8121992187499998 0.47267578125 0.5043893229166667 0.47267578125 0.5043893229166667 0.5839492187499999
8 0.42495572916666663 0.5678919270833334 0.4981432291666666 0.5678919270833334 0.4981432291666666 0.5016809895833333 0.42495572916666663 0.5016809895833333 0.42495572916666663 0.5678919270833334
6 0.7324309895833332 0.21875 0.7324309895833332 0.3216354166666667 0.9948346354166666 0.3216354166666667 0.9948346354166666 0.21875 0.7324309895833332 0.21875
6 0.7123489583333333 0.45454427083333326 0.9484218749999999 0.45454427083333326 0.9484218749999999 0.30826822916666663 0.7123489583333333 0.30826822916666663 0.7123489583333333 0.45454427083333326