11 0.42283984374999994 0.6560572916666667 0.3277955729166667 0.6560572916666667 0.3277955729166667 0.725328125 0.42283984374999994 0.725328125 0.42283984374999994 0.6560572916666667
9 0.33178645833333337 0.5749830729166666 0.21516145833333336 0.5749830729166666 0.21516145833333336 0.6914231770833333 0.33178645833333337 0.6914231770833333 0.33178645833333337 0.5749830729166666
10 0.33458072916666665 0.380765625 0.20217447916666664 0.380765625 0.20217447916666664 0.4666197916666667 0.33458072916666665 0.4666197916666667 0.33458072916666665 0.380765625
10 0.4558919270833333 0.4627252604166666 0.3052174479166666 0.4627252604166666 0.3052174479166666 0.6306497395833333 0.4558919270833333 0.6306497395833333 0.4558919270833333 0.4627252604166666
9 0.56104296875 0.47002994791666663 0.45090494791666663 0.47002994791666663 0.45090494791666663 0.7121888020833332 0.56104296875 0.7121888020833332 0.56104296875 0.47002994791666663
10 0.4465377604166667 0.78125 0.5450768229166667 0.78125 0.5450768229166667 0.7034583333333334 0.4465377604166667 0.7034583333333334 0.4465377604166667 0.78125
10 0.69774609375 0.5463203125 0.57126953125 0.5463203125 0.57126953125 0.7383828125 0.69774609375 0.7383828125 0.69774609375 0.5463203125
11 0.9391041666666666 0.42275390625 0.8419374999999999 0.42275390625 0.8419374999999999 0.48891276041666665 0.9391041666666666 0.48891276041666665 0.9391041666666666 0.42275390625
9 0.8268450520833334 0.5076276041666666 0.72406640625 0.5076276041666666 0.72406640625 0.6461380208333333 0.8268450520833334 0.6461380208333333 0.8268450520833334 0.5076276041666666
9 0.8512929687499999 0.34298307291666663 0.6542174479166666 0.34298307291666663 0.6542174479166666 0.4691263020833333 0.8512929687499999 0.4691263020833333 0.8512929687499999 0.34298307291666663
11 0.7527552083333333 0.4253059895833333 0.6951302083333333 0.4253059895833333 0.6951302083333333 0.49206380208333333 0.7527552083333333 0.49206380208333333 0.7527552083333333 0.4253059895833333
9 0.23229166666666665 0.33619661458333333 0.07083333333333333 0.33619661458333333 0.07083333333333333 0.4703294270833333 0.23229166666666665 0.4703294270833333 0.23229166666666665 0.33619661458333333