7 0.17633854166666665 0.46697786458333335 0.040562499999999994 0.46697786458333335 0.040562499999999994 0.56565234375 0.17633854166666665 0.56565234375 0.17633854166666665 0.46697786458333335
7 0.15200130208333332 0.6092929687499999 0.03211328125 0.6092929687499999 0.03211328125 0.70489453125 0.15200130208333332 0.70489453125 0.15200130208333332 0.6092929687499999
7 0.9447968750000001 0.6115416666666667 0.8317812499999999 0.6115416666666667 0.8317812499999999 0.7033333333333334 0.9447968750000001 0.7033333333333334 0.9447968750000001 0.6115416666666667
7 0.92598046875 0.5343580729166666 0.8214153645833333 0.5343580729166666 0.8214153645833333 0.6227044270833333 0.92598046875 0.6227044270833333 0.92598046875 0.5343580729166666
7 0.4326783854166666 0.21886197916666666 0.3245091145833333 0.21886197916666666 0.3245091145833333 0.3326848958333333 0.4326783854166666 0.3326848958333333 0.4326783854166666 0.21886197916666666
6 0.5296940104166666 0.32590624999999995 0.34084765624999996 0.32590624999999995 0.34084765624999996 0.5514374999999999 0.5296940104166666 0.5514374999999999 0.5296940104166666 0.32590624999999995
6 0.8229934895833333 0.5181419270833333 0.5504283854166665 0.5181419270833333 0.5504283854166665 0.6255768229166667 0.8229934895833333 0.6255768229166667 0.8229934895833333 0.5181419270833333
6 0.96665625 0.4650729166666666 0.96665625 0.21875 0.8518385416666667 0.21875 0.8518385416666667 0.4650729166666666 0.96665625 0.4650729166666666
5 0.7244010416666666 0.66465234375 0.4800052083333333 0.66465234375 0.4800052083333333 0.7812486979166666 0.7244010416666666 0.7812486979166666 0.7244010416666666 0.66465234375
6 0.3951588541666667 0.5005546875 0.15324218750000002 0.5005546875 0.15324218750000002 0.6485911458333333 0.3951588541666667 0.6485911458333333 0.3951588541666667 0.5005546875
6 0.38479296874999996 0.61266796875 0.14817057291666663 0.61266796875 0.14817057291666663 0.7188580729166667 0.38479296874999996 0.7188580729166667 0.38479296874999996 0.61266796875
7 0.50780078125 0.6832369791666666 0.40673567708333336 0.6832369791666666 0.40673567708333336 0.7584348958333333 0.50780078125 0.7584348958333333 0.50780078125 0.6832369791666666
8 0.8046328124999998 0.6242161458333333 0.7208255208333334 0.6242161458333333 0.7208255208333334 0.6898515625 0.8046328124999998 0.6898515625 0.8046328124999998 0.6242161458333333