9 0.29109375000000004 0.4408229166666667 0.16421354166666666 0.4408229166666667 0.16421354166666666 0.63815625 0.29109375000000004 0.63815625 0.29109375000000004 0.4408229166666667
10 0.42143619791666664 0.6095247395833333 0.25119401041666667 0.6095247395833333 0.25119401041666667 0.71669921875 0.42143619791666664 0.71669921875 0.42143619791666664 0.6095247395833333
11 0.4574856770833334 0.48379947916666666 0.36562890625 0.48379947916666666 0.36562890625 0.6014557291666667 0.4574856770833334 0.6014557291666667 0.4574856770833334 0.48379947916666666
10 0.7934791666666666 0.6492955729166666 0.6432499999999999 0.6492955729166666 0.6432499999999999 0.7312096354166666 0.7934791666666666 0.7312096354166666 0.7934791666666666 0.6492955729166666
9 0.6509479166666667 0.5768098958333333 0.45158333333333334 0.5768098958333333 0.45158333333333334 0.7230026041666667 0.6509479166666667 0.7230026041666667 0.6509479166666667 0.5768098958333333
9 0.8447968749999999 0.5806588541666666 0.778984375 0.5806588541666666 0.778984375 0.6425703125 0.8447968749999999 0.6425703125 0.8447968749999999 0.5806588541666666
11 0.8589088541666665 0.5056080729166667 0.8077213541666666 0.5056080729166667 0.8077213541666666 0.58102734375 0.8589088541666665 0.58102734375 0.8589088541666665 0.5056080729166667
9 0.77846875 0.4450533854166666 0.5136770833333333 0.4450533854166666 0.5136770833333333 0.6133372395833333 0.77846875 0.6133372395833333 0.77846875 0.4450533854166666
10 0.7481927083333334 0.22401171875 0.5843645833333333 0.22401171875 0.5843645833333333 0.34701953125 0.7481927083333334 0.34701953125 0.7481927083333334 0.22401171875
10 0.6306783854166665 0.26570442708333336 0.47082682291666667 0.26570442708333336 0.47082682291666667 0.3819049479166666 0.6306783854166665 0.3819049479166666 0.6306783854166665 0.26570442708333336
10 0.4890455729166666 0.3074544270833333 0.31816276041666663 0.3074544270833333 0.31816276041666663 0.4773841145833333 0.4890455729166666 0.4773841145833333 0.4890455729166666 0.3074544270833333
9 0.8440273437499999 0.34075390624999996 0.6991861979166666 0.34075390624999996 0.6991861979166666 0.5180429687499999 0.8440273437499999 0.5180429687499999 0.8440273437499999 0.34075390624999996
10 0.3711458333333333 0.27555989583333335 0.16485416666666666 0.27555989583333335 0.16485416666666666 0.43569010416666665 0.3711458333333333 0.43569010416666665 0.3711458333333333 0.27555989583333335