10 0.20480468749999997 0.3585325520833333 0.43083593750000004 0.3585325520833333 0.43083593750000004 0.25287890625 0.20480468749999997 0.25287890625 0.20480468749999997 0.3585325520833333
10 0.22663411458333335 0.49177994791666657 0.4108606770833333 0.49177994791666657 0.4108606770833333 0.40033463541666664 0.22663411458333335 0.40033463541666664 0.22663411458333335 0.49177994791666657
9 0.16545703125 0.6202408854166667 0.26208984375 0.6202408854166667 0.26208984375 0.46776953125 0.16545703125 0.46776953125 0.16545703125 0.6202408854166667
11 0.09371354166666666 0.70309375 0.18631249999999996 0.70309375 0.18631249999999996 0.6095885416666667 0.09371354166666666 0.6095885416666667 0.09371354166666666 0.70309375
10 0.2572213541666667 0.5819244791666666 0.35733072916666664 0.5819244791666666 0.35733072916666664 0.4795859374999999 0.2572213541666667 0.4795859374999999 0.2572213541666667 0.5819244791666666
10 0.4799635416666666 0.6850468749999999 0.6270677083333334 0.6850468749999999 0.6270677083333334 0.5553645833333333 0.4799635416666666 0.5553645833333333 0.4799635416666666 0.6850468749999999
9 0.29476302083333333 0.742296875 0.4710651041666667 0.742296875 0.4710651041666667 0.5727447916666667 0.29476302083333333 0.5727447916666667 0.29476302083333333 0.742296875
11 0.8115716145833334 0.6744869791666666 0.90444921875 0.6744869791666666 0.90444921875 0.5810859374999999 0.8115716145833334 0.5810859374999999 0.8115716145833334 0.6744869791666666
9 0.5700611979166667 0.6177916666666666 0.8032304687499998 0.6177916666666666 0.8032304687499998 0.4649895833333334 0.5700611979166667 0.4649895833333334 0.5700611979166667 0.6177916666666666
10 0.4361653645833333 0.5137669270833334 0.5985638020833333 0.5137669270833334 0.5985638020833333 0.34541536458333333 0.4361653645833333 0.34541536458333333 0.4361653645833333 0.5137669270833334
10 0.5935585937499999 0.40815755208333326 0.7467799479166666 0.40815755208333326 0.7467799479166666 0.31607682291666667 0.5935585937499999 0.31607682291666667 0.5935585937499999 0.40815755208333326
9 0.7433046875 0.46221223958333335 0.9218307291666665 0.46221223958333335 0.9218307291666665 0.33776692708333333 0.7433046875 0.33776692708333333 0.7433046875 0.46221223958333335
11 0.9204388020833333 0.37272526041666665 0.99273828125 0.37272526041666665 0.99273828125 0.2974466145833333 0.9204388020833333 0.2974466145833333 0.9204388020833333 0.37272526041666665