5 0.13526171874999998 0.4827434895833333 0.007816406249999996 0.4827434895833333 0.007816406249999996 0.7092513020833333 0.13526171874999998 0.7092513020833333 0.13526171874999998 0.4827434895833333
5 0.4437148437499999 0.6068776041666666 0.26562890625 0.6068776041666666 0.26562890625 0.7400338541666667 0.4437148437499999 0.7400338541666667 0.4437148437499999 0.6068776041666666
5 0.7994843749999999 0.78125 0.9430781249999999 0.78125 0.9430781249999999 0.5764947916666665 0.7994843749999999 0.5764947916666665 0.7994843749999999 0.78125
5 0.4618606770833333 0.21885546875 0.3368111979166667 0.21885546875 0.3368111979166667 0.41011328124999996 0.4618606770833333 0.41011328124999996 0.4618606770833333 0.21885546875
5 0.65434765625 0.5183346354166666 0.5121575520833332 0.5183346354166666 0.5121575520833332 0.71714453125 0.65434765625 0.71714453125 0.65434765625 0.5183346354166666
5 0.5754583333333334 0.5712877604166666 0.40365104166666665 0.5712877604166666 0.40365104166666665 0.74319140625 0.5754583333333334 0.74319140625 0.5754583333333334 0.5712877604166666
5 0.6172695312500001 0.40201692708333336 0.47569921875 0.40201692708333336 0.47569921875 0.6121705729166667 0.6172695312500001 0.6121705729166667 0.6172695312500001 0.40201692708333336
5 0.6590794270833333 0.36902994791666666 0.5572955729166666 0.36902994791666666 0.5572955729166666 0.5790221354166667 0.6590794270833333 0.5790221354166667 0.6590794270833333 0.36902994791666666
4 0.36167057291666665 0.5105234375000001 0.2517408854166666 0.5105234375000001 0.2517408854166666 0.6334817708333332 0.36167057291666665 0.6334817708333332 0.36167057291666665 0.5105234375000001
3 0.5936028645833333 0.25184244791666666 0.44444921875 0.25184244791666666 0.44444921875 0.43537109375 0.5936028645833333 0.43537109375 0.5936028645833333 0.25184244791666666
3 0.7135143229166666 0.2301419270833333 0.58507421875 0.2301419270833333 0.58507421875 0.46062890625 0.7135143229166666 0.46062890625 0.7135143229166666 0.2301419270833333
3 0.45160546874999996 0.2770169270833333 0.27170703124999995 0.2770169270833333 0.27170703124999995 0.4969361979166667 0.45160546874999996 0.4969361979166667 0.45160546874999996 0.2770169270833333
3 0.6172682291666666 0.6738085937499999 0.47222656249999995 0.6738085937499999 0.47222656249999995 0.7812486979166666 0.6172682291666666 0.7812486979166666 0.6172682291666666 0.6738085937499999
3 0.3784778645833333 0.78125 0.5076158854166666 0.78125 0.5076158854166666 0.67033203125 0.3784778645833333 0.67033203125 0.3784778645833333 0.78125