4 0.13841666666666666 0.6277109375 0.02604687499999999 0.6277109375 0.02604687499999999 0.7281953124999999 0.13841666666666666 0.7281953124999999 0.13841666666666666 0.6277109375
4 0.14472786458333334 0.3916002604166667 0.04340755208333334 0.3916002604166667 0.04340755208333334 0.4969361979166667 0.14472786458333334 0.4969361979166667 0.14472786458333334 0.3916002604166667
4 0.25911718749999996 0.2874322916666666 0.15017968750000002 0.2874322916666666 0.15017968750000002 0.36512500000000003 0.25911718749999996 0.36512500000000003 0.25911718749999996 0.2874322916666666
4 0.7474361979166667 0.50705078125 0.6510481770833334 0.50705078125 0.6510481770833334 0.62874609375 0.7474361979166667 0.62874609375 0.7474361979166667 0.50705078125
4 0.7024700520833334 0.40982942708333336 0.59983203125 0.40982942708333336 0.59983203125 0.4985143229166667 0.7024700520833334 0.4985143229166667 0.7024700520833334 0.40982942708333336
4 0.3616731770833333 0.7006263020833333 0.25087369791666664 0.7006263020833333 0.25087369791666664 0.7812486979166666 0.3616731770833333 0.7812486979166666 0.3616731770833333 0.7006263020833333
4 0.22835026041666664 0.70323046875 0.12760807291666668 0.70323046875 0.12760807291666668 0.7812486979166666 0.22835026041666664 0.7812486979166666 0.22835026041666664 0.70323046875
4 0.6840325520833332 0.78125 0.78687890625 0.78125 0.78687890625 0.71798828125 0.6840325520833332 0.71798828125 0.6840325520833332 0.78125
3 0.8539335937499999 0.4671197916666666 0.6942278645833333 0.4671197916666666 0.6942278645833333 0.7029375 0.8539335937499999 0.7029375 0.8539335937499999 0.4671197916666666
3 0.5951809895833333 0.44802343749999995 0.36738671875 0.44802343749999995 0.36738671875 0.5884921875 0.5951809895833333 0.5884921875 0.5951809895833333 0.44802343749999995
3 0.3151276041666667 0.5177721354166667 0.11805989583333334 0.5177721354166667 0.11805989583333334 0.6729466145833334 0.3151276041666667 0.6729466145833334 0.3151276041666667 0.5177721354166667
3 0.4902591145833333 0.5824830729166667 0.34809505208333336 0.5824830729166667 0.34809505208333336 0.7542408854166667 0.4902591145833333 0.7542408854166667 0.4902591145833333 0.5824830729166667
5 0.90915625 0.36208463541666663 0.8020885416666665 0.36208463541666663 0.8020885416666665 0.46378515625 0.90915625 0.46378515625 0.90915625 0.36208463541666663
3 0.8657682291666667 0.292640625 0.7011744791666666 0.292640625 0.7011744791666666 0.48272916666666665 0.8657682291666667 0.48272916666666665 0.8657682291666667 0.292640625
3 0.4934140625 0.3256263020833333 0.27170572916666663 0.3256263020833333 0.27170572916666663 0.43458203125 0.4934140625 0.43458203125 0.4934140625 0.3256263020833333
3 0.37429427083333333 0.39941145833333336 0.1649348958333333 0.39941145833333336 0.1649348958333333 0.49772395833333327 0.37429427083333333 0.49772395833333327 0.37429427083333333 0.39941145833333336
5 0.51866015625 0.42892578124999997 0.3793450520833333 0.42892578124999997 0.3793450520833333 0.5237721354166667 0.51866015625 0.5237721354166667 0.51866015625 0.42892578124999997
5 0.390859375 0.5495846354166666 0.2283020833333333 0.5495846354166666 0.2283020833333333 0.6374257812499999 0.390859375 0.6374257812499999 0.390859375 0.5495846354166666
5 0.710359375 0.29003645833333336 0.5625052083333333 0.29003645833333336 0.5625052083333333 0.42037499999999994 0.710359375 0.42037499999999994 0.710359375 0.29003645833333336