4 0.4153151041666666 0.29974088541666666 0.33420572916666663 0.29974088541666666 0.33420572916666663 0.42274348958333335 0.4153151041666666 0.42274348958333335 0.4153151041666666 0.29974088541666666
4 0.6819570312499998 0.21972395833333333 0.58507421875 0.21972395833333333 0.58507421875 0.305140625 0.6819570312499998 0.305140625 0.6819570312499998 0.21972395833333333
4 0.16602734375 0.4983697916666666 0.07812890624999999 0.4983697916666666 0.07812890624999999 0.5979635416666667 0.16602734375 0.5979635416666667 0.16602734375 0.4983697916666666
4 0.65592578125 0.2761484375 0.42188151041666655 0.2761484375 0.42188151041666655 0.47799218749999994 0.65592578125 0.47799218749999994 0.65592578125 0.2761484375
5 0.4800026041666666 0.4558346354166667 0.35503906249999995 0.4558346354166667 0.35503906249999995 0.60506640625 0.4800026041666666 0.60506640625 0.4800026041666666 0.4558346354166667
5 0.8263255208333332 0.3438567708333333 0.6944505208333334 0.3438567708333333 0.6944505208333334 0.4629973958333333 0.8263255208333332 0.4629973958333333 0.8263255208333332 0.3438567708333333
5 1 0.78125 1 0.57736328125 0.8828177083333333 0.57736328125 0.8828177083333333 0.78125 1 0.78125
5 0.31828255208333334 0.589515625 0.20399869791666667 0.589515625 0.20399869791666667 0.7802864583333333 0.31828255208333334 0.7802864583333333 0.31828255208333334 0.589515625
5 0.40111588541666665 0.21875 0.27083723958333333 0.21875 0.27083723958333333 0.37301692708333334 0.40111588541666665 0.37301692708333334 0.40111588541666665 0.21875
5 0.5381992187500001 0.78125 0.6748580729166667 0.78125 0.6748580729166667 0.5903841145833333 0.5381992187500001 0.5903841145833333 0.5381992187500001 0.78125
3 0.33090625 0.2197994791666667 0.104171875 0.2197994791666667 0.104171875 0.34539322916666665 0.33090625 0.34539322916666665 0.33090625 0.2197994791666667
3 0.3869166666666667 0.3942018229166666 0.26563020833333334 0.3942018229166666 0.26563020833333334 0.6437408854166666 0.3869166666666667 0.6437408854166666 0.3869166666666667 0.3942018229166666
3 0.9107343749999999 0.4454192708333333 0.7395885416666667 0.4454192708333333 0.7395885416666667 0.6468984375 0.9107343749999999 0.6468984375 0.9107343749999999 0.4454192708333333
4 0.7955572916666667 0.6659049479166667 0.7048645833333332 0.6659049479166667 0.7048645833333332 0.77318359375 0.7955572916666667 0.77318359375 0.7955572916666667 0.6659049479166667
4 0.9564895833333333 0.64767578125 0.84028125 0.64767578125 0.84028125 0.7581888020833334 0.9564895833333333 0.7581888020833334 0.9564895833333333 0.64767578125
4 0.08635026041666667 0.29177213541666663 0.000003906250000003848 0.29177213541666663 0.000003906250000003848 0.40853515625 0.08635026041666667 0.40853515625 0.08635026041666667 0.29177213541666663
3 0.3482604166666667 0.292640625 0.19010937500000002 0.292640625 0.19010937500000002 0.5135104166666666 0.3482604166666667 0.5135104166666666 0.3482604166666667 0.292640625