4 0.8523567708333332 0.27527994791666666 0.7404557291666667 0.27527994791666666 0.7404557291666667 0.3856471354166667 0.8523567708333332 0.3856471354166667 0.8523567708333332 0.27527994791666666
4 0.3376796875 0.78125 0.45239322916666663 0.78125 0.45239322916666663 0.6737174479166667 0.3376796875 0.6737174479166667 0.3376796875 0.78125
4 0.8121236979166666 0.550453125 0.7088190104166667 0.550453125 0.7088190104166667 0.676890625 0.8121236979166666 0.676890625 0.8121236979166666 0.550453125
4 0.9415013020833334 0.6537513020833333 0.8385455729166665 0.6537513020833333 0.8385455729166665 0.7812486979166666 0.9415013020833334 0.7812486979166666 0.9415013020833334 0.6537513020833333
4 0.6930026041666666 0.4593059895833333 0.5954921875 0.4593059895833333 0.5954921875 0.5695481770833333 0.6930026041666666 0.5695481770833333 0.6930026041666666 0.4593059895833333
4 0.40900390625 0.43152994791666666 0.27517838541666667 0.43152994791666666 0.27517838541666667 0.51824609375 0.40900390625 0.51824609375 0.40900390625 0.43152994791666666
4 0.37902734375 0.3551419270833333 0.2847278645833333 0.3551419270833333 0.2847278645833333 0.43458203125 0.37902734375 0.43458203125 0.37902734375 0.3551419270833333
3 0.293828125 0.22145963541666663 0.09375520833333333 0.22145963541666663 0.09375520833333333 0.3753841145833333 0.293828125 0.3753841145833333 0.293828125 0.22145963541666663
3 0.6480377604166667 0.21875130208333332 0.3784778645833333 0.21875130208333332 0.3784778645833333 0.39511848958333334 0.6480377604166667 0.39511848958333334 0.6480377604166667 0.21875130208333332
3 0.5872916666666665 0.4002786458333333 0.41319791666666666 0.4002786458333333 0.41319791666666666 0.5158776041666666 0.5872916666666665 0.5158776041666666 0.5872916666666665 0.4002786458333333
3 0.6346249999999999 0.5652096354166666 0.5182343749999999 0.5652096354166666 0.5182343749999999 0.7812486979166666 0.6346249999999999 0.7812486979166666 0.6346249999999999 0.5652096354166666
3 0.96595703125 0.3525377604166667 0.8324700520833332 0.3525377604166667 0.8324700520833332 0.57112890625 0.96595703125 0.57112890625 0.96595703125 0.3525377604166667
3 1 0.6516354166666666 1 0.41764062499999993 0.8984427083333333 0.41764062499999993 0.8984427083333333 0.6516354166666666 1 0.6516354166666666
3 0.5699361979166666 0.5087864583333334 0.4236158854166666 0.5087864583333334 0.4236158854166666 0.6682083333333333 0.5699361979166666 0.6682083333333333 0.5699361979166666 0.5087864583333334
5 0.7482239583333332 0.3311471354166667 0.5876770833333332 0.3311471354166667 0.5876770833333332 0.45036848958333325 0.7482239583333332 0.45036848958333325 0.7482239583333332 0.3311471354166667
5 1 0.77555078125 1 0.58604296875 0.9166718750000001 0.58604296875 0.9166718750000001 0.77555078125 1 0.77555078125