4 0.24018359375 0.4167721354166666 0.13108203125 0.4167721354166666 0.13108203125 0.54666015625 0.24018359375 0.54666015625 0.24018359375 0.4167721354166666
4 0.36640364583333335 0.5044466145833333 0.2821223958333333 0.5044466145833333 0.2821223958333333 0.6247981770833333 0.36640364583333335 0.6247981770833333 0.36640364583333335 0.5044466145833333
4 0.6551354166666666 0.308265625 0.5677135416666667 0.308265625 0.5677135416666667 0.425109375 0.6551354166666666 0.425109375 0.6551354166666666 0.308265625
4 0.7008919270833333 0.628578125 0.6441028645833333 0.628578125 0.6441028645833333 0.7171458333333333 0.7008919270833333 0.7171458333333333 0.7008919270833333 0.628578125
6 0.8066028645833333 0.36989843749999995 0.7074700520833332 0.36989843749999995 0.7074700520833332 0.6263776041666667 0.8066028645833333 0.6263776041666667 0.8066028645833333 0.36989843749999995
5 0.8923658854166666 0.78125 0.9999986979166667 0.78125 0.9999986979166667 0.5721549479166667 0.8923658854166666 0.5721549479166667 0.8923658854166666 0.78125
5 0.6566458333333334 0.78125 0.812125 0.78125 0.812125 0.6268424479166667 0.6566458333333334 0.6268424479166667 0.6566458333333334 0.78125
3 0.5557356770833334 0.2561822916666667 0.44887369791666665 0.2561822916666667 0.44887369791666665 0.5237708333333333 0.5557356770833334 0.5237708333333333 0.5557356770833334 0.2561822916666667
3 0.7064140624999998 0.3516692708333333 0.6263515625 0.3516692708333333 0.6263515625 0.6113828124999999 0.7064140624999998 0.6113828124999999 0.7064140624999998 0.3516692708333333
3 0.4571263020833333 0.2735442708333333 0.3191497395833333 0.2735442708333333 0.3191497395833333 0.5079869791666667 0.4571263020833333 0.5079869791666667 0.4571263020833333 0.2735442708333333
3 0.3829713541666667 0.22493229166666667 0.2300390625 0.22493229166666667 0.2300390625 0.45510416666666664 0.3829713541666667 0.45510416666666664 0.3829713541666667 0.22493229166666667
3 0.6496158854166667 0.42648177083333333 0.5034778645833333 0.42648177083333333 0.5034778645833333 0.6279557291666666 0.6496158854166667 0.6279557291666666 0.6496158854166667 0.42648177083333333
5 0.5281263020833333 0.5678138020833333 0.42535286458333327 0.5678138020833333 0.42535286458333327 0.7812486979166666 0.5281263020833333 0.7812486979166666 0.5281263020833333 0.5678138020833333
3 0.5625052083333333 0.78125 0.6582916666666666 0.78125 0.6582916666666666 0.6034049479166667 0.5625052083333333 0.6034049479166667 0.5625052083333333 0.78125
5 0.7332356770833333 0.23621614583333334 0.6430768229166667 0.23621614583333334 0.6430768229166667 0.3643359375 0.7332356770833333 0.3643359375 0.7332356770833333 0.23621614583333334
5 0.8177135416666665 0.2680442708333334 0.6985260416666665 0.2680442708333334 0.6985260416666665 0.3725026041666667 0.8177135416666665 0.3725026041666667 0.8177135416666665 0.2680442708333334