10 0.21806380208333334 0.6510520833333333 0.39452473958333334 0.6510520833333333 0.39452473958333334 0.4382083333333333 0.21806380208333334 0.4382083333333333 0.21806380208333334 0.6510520833333333
10 0.4056432291666666 0.7562578125 0.48060156249999997 0.7562578125 0.48060156249999997 0.6222109375 0.4056432291666666 0.6222109375 0.4056432291666666 0.7562578125
10 0.15685286458333333 0.7568554687499999 0.34849609374999996 0.7568554687499999 0.34849609374999996 0.58301953125 0.15685286458333333 0.58301953125 0.15685286458333333 0.7568554687499999
10 0.22248828124999998 0.4080807291666666 0.36164713541666665 0.4080807291666666 0.36164713541666665 0.3270651041666667 0.22248828124999998 0.3270651041666667 0.22248828124999998 0.4080807291666666
9 0.057506510416666656 0.44561197916666667 0.25883203125 0.44561197916666667 0.25883203125 0.3402161458333333 0.057506510416666656 0.3402161458333333 0.057506510416666656 0.44561197916666667
11 0.32876953125 0.3361653645833333 0.4209440104166666 0.3361653645833333 0.4209440104166666 0.26549609375 0.32876953125 0.26549609375 0.32876953125 0.3361653645833333
11 0.40169531249999996 0.29315234375 0.4778515625 0.29315234375 0.4778515625 0.22783723958333332 0.40169531249999996 0.22783723958333332 0.40169531249999996 0.29315234375
9 0.36523177083333325 0.49196875 0.46972135416666666 0.49196875 0.46972135416666666 0.3258697916666667 0.36523177083333325 0.3258697916666667 0.36523177083333325 0.49196875
9 0.47832942708333326 0.3924583333333333 0.7119361979166666 0.3924583333333333 0.7119361979166666 0.255625 0.47832942708333326 0.255625 0.47832942708333326 0.3924583333333333
10 0.7016549479166667 0.5956380208333333 0.87452734375 0.5956380208333333 0.87452734375 0.4250963541666666 0.7016549479166667 0.4250963541666666 0.7016549479166667 0.5956380208333333
10 0.7590403645833332 0.7497330729166667 0.9139804687499999 0.7497330729166667 0.9139804687499999 0.6576263020833333 0.7590403645833332 0.6576263020833333 0.7590403645833332 0.7497330729166667
11 0.46983984375 0.6923815104166666 0.52901953125 0.6923815104166666 0.52901953125 0.61578515625 0.46983984375 0.61578515625 0.46983984375 0.6923815104166666
9 0.5355950520833332 0.6985924479166666 0.7533007812499999 0.6985924479166666 0.7533007812499999 0.5957044270833333 0.5355950520833332 0.5957044270833333 0.5355950520833332 0.6985924479166666
11 0.4904049479166666 0.4470859375 0.5541263020833332 0.4470859375 0.5541263020833332 0.3892317708333333 0.4904049479166666 0.3892317708333333 0.4904049479166666 0.4470859375
9 0.4086315104166666 0.6433242187499999 0.5224466145833333 0.6433242187499999 0.5224466145833333 0.44601953125 0.4086315104166666 0.44601953125 0.4086315104166666 0.6433242187499999