9 0.2307109375 0.3300677083333333 0.1110546875 0.3300677083333333 0.1110546875 0.5109843749999999 0.2307109375 0.5109843749999999 0.2307109375 0.3300677083333333
10 0.29212890625 0.5087604166666667 0.18994401041666667 0.5087604166666667 0.18994401041666667 0.6681666666666667 0.29212890625 0.6681666666666667 0.29212890625 0.5087604166666667
10 0.3021875 0.6698359375 0.16876562499999997 0.6698359375 0.16876562499999997 0.7749817708333333 0.3021875 0.7749817708333333 0.3021875 0.6698359375
9 0.3508971354166667 0.29646484375 0.20370703124999995 0.29646484375 0.20370703124999995 0.54151953125 0.3508971354166667 0.54151953125 0.3508971354166667 0.29646484375
10 0.58465234375 0.22456380208333332 0.3706184895833333 0.22456380208333332 0.3706184895833333 0.38604557291666663 0.58465234375 0.38604557291666663 0.58465234375 0.22456380208333332
9 0.7291940104166665 0.4195520833333333 0.54970703125 0.4195520833333333 0.54970703125 0.6193489583333334 0.7291940104166665 0.6193489583333334 0.7291940104166665 0.4195520833333333
9 0.4685703125 0.6497291666666667 0.3691640625 0.6497291666666667 0.3691640625 0.7505 0.4685703125 0.7505 0.4685703125 0.6497291666666667
10 0.4970286458333334 0.5524388020833333 0.39722656249999994 0.5524388020833333 0.39722656249999994 0.6758893229166667 0.4970286458333334 0.6758893229166667 0.4970286458333334 0.5524388020833333
10 0.8068932291666666 0.4475286458333333 0.7249296875 0.4475286458333333 0.7249296875 0.5772109375 0.8068932291666666 0.5772109375 0.8068932291666666 0.4475286458333333
9 0.8095390625000001 0.25114453124999997 0.6880286458333332 0.25114453124999997 0.6880286458333332 0.4525065104166666 0.8095390625000001 0.4525065104166666 0.8095390625000001 0.25114453124999997
10 0.5819153645833333 0.43554557291666657 0.4838502604166666 0.43554557291666657 0.4838502604166666 0.5633450520833333 0.5819153645833333 0.5633450520833333 0.5819153645833333 0.43554557291666657