7 0.1195078125 0.6499817708333333 0.0181796875 0.6499817708333333 0.0181796875 0.7211640625 0.1195078125 0.7211640625 0.1195078125 0.6499817708333333
8 0.14561588541666665 0.5336328124999999 0.06333203125 0.5336328124999999 0.06333203125 0.6453776041666666 0.14561588541666665 0.6453776041666666 0.14561588541666665 0.5336328124999999
6 0.11710807291666665 0.2602161458333333 0.015386718749999995 0.2602161458333333 0.015386718749999995 0.5398828124999999 0.11710807291666665 0.5398828124999999 0.11710807291666665 0.2602161458333333
6 0.3506770833333333 0.2666953125 0.149828125 0.2666953125 0.149828125 0.47642447916666664 0.3506770833333333 0.47642447916666664 0.3506770833333333 0.2666953125
7 0.42210937499999995 0.4319114583333333 0.32881249999999995 0.4319114583333333 0.32881249999999995 0.5249895833333333 0.42210937499999995 0.5249895833333333 0.42210937499999995 0.4319114583333333
7 0.516703125 0.4448684895833333 0.40785416666666663 0.4448684895833333 0.40785416666666663 0.5463554687500001 0.516703125 0.5463554687500001 0.516703125 0.4448684895833333
6 0.6422343749999999 0.24784505208333335 0.45839062499999994 0.24784505208333335 0.45839062499999994 0.47367578125000004 0.6422343749999999 0.47367578125000004 0.6422343749999999 0.24784505208333335
6 0.3984596354166666 0.5307161458333333 0.14658723958333333 0.5307161458333333 0.14658723958333333 0.7168828125 0.3984596354166666 0.7168828125 0.3984596354166666 0.5307161458333333
7 0.53451953125 0.5728294270833333 0.4373346354166666 0.5728294270833333 0.4373346354166666 0.7089622395833333 0.53451953125 0.7089622395833333 0.53451953125 0.5728294270833333
6 0.3984596354166666 0.78125 0.5312799479166666 0.78125 0.5312799479166666 0.6959322916666666 0.3984596354166666 0.6959322916666666 0.3984596354166666 0.78125
6 0.8947539062499998 0.21875130208333332 0.6543815104166667 0.21875130208333332 0.6543815104166667 0.30835807291666667 0.8947539062499998 0.30835807291666667 0.8947539062499998 0.21875130208333332
7 1 0.34785546875 1 0.25924869791666666 0.9013958333333332 0.25924869791666666 0.9013958333333332 0.34785546875 1 0.34785546875
6 0.9323333333333335 0.2799765625 0.6796510416666667 0.2799765625 0.6796510416666667 0.42620572916666666 0.9323333333333335 0.42620572916666666 0.9323333333333335 0.2799765625
8 0.9273111979166666 0.3922265625 0.8513450520833332 0.3922265625 0.8513450520833332 0.46384114583333336 0.9273111979166666 0.46384114583333336 0.9273111979166666 0.3922265625
6 1 0.5825481770833333 1 0.3667122395833333 0.8740208333333331 0.3667122395833333 0.8740208333333331 0.5825481770833333 1 0.5825481770833333
7 0.9507981770833333 0.5817369791666666 0.8571757812499999 0.5817369791666666 0.8571757812499999 0.7021276041666666 0.9507981770833333 0.7021276041666666 0.9507981770833333 0.5817369791666666
7 0.6906666666666668 0.78125 0.787203125 0.78125 0.787203125 0.6862135416666666 0.6906666666666668 0.6862135416666666 0.6906666666666668 0.78125
6 0.8856848958333332 0.45286067708333333 0.7143151041666667 0.45286067708333333 0.7143151041666667 0.6829726562499999 0.8856848958333332 0.6829726562499999 0.8856848958333332 0.45286067708333333