4 0.4965325520833333 0.7029361979166666 0.5865039062499999 0.7029361979166666 0.5865039062499999 0.5443763020833333 0.4965325520833333 0.5443763020833333 0.4965325520833333 0.7029361979166666
4 0.4001783854166666 0.5387669270833333 0.5226028645833333 0.5387669270833333 0.5226028645833333 0.4332643229166666 0.4001783854166666 0.4332643229166666 0.4001783854166666 0.5387669270833333
4 0.45920572916666663 0.36512500000000003 0.5596796875 0.36512500000000003 0.5596796875 0.24316145833333333 0.45920572916666663 0.24316145833333333 0.45920572916666663 0.36512500000000003
4 0.8828177083333333 0.5339596354166666 0.8828177083333333 0.63269140625 1 0.63269140625 1 0.5339596354166666 0.8828177083333333 0.5339596354166666
4 0.9383736979166667 0.3230221354166667 0.9383736979166667 0.4858841145833333 1 0.4858841145833333 1 0.3230221354166667 0.9383736979166667 0.3230221354166667
4 0.5425403645833333 0.4101145833333334 0.6464596354166667 0.4101145833333334 0.6464596354166667 0.292640625 0.5425403645833333 0.292640625 0.5425403645833333 0.4101145833333334
4 0.6188489583333332 0.6936822916666665 0.5260468749999999 0.6936822916666665 0.5260468749999999 0.78125 0.6188489583333332 0.78125 0.6188489583333332 0.6936822916666665
3 0.35526822916666667 0.6500559895833333 0.4918359375 0.6500559895833333 0.4918359375 0.46460026041666663 0.35526822916666667 0.46460026041666663 0.35526822916666667 0.6500559895833333
3 0.7439270833333332 0.4109036458333334 0.9312447916666666 0.4109036458333334 0.9312447916666666 0.2466328125 0.7439270833333332 0.2466328125 0.7439270833333332 0.4109036458333334
3 0.3142421875 0.42116406249999994 0.46422656250000005 0.42116406249999994 0.46422656250000005 0.2943776041666667 0.3142421875 0.2943776041666667 0.3142421875 0.42116406249999994
3 0.5599010416666667 0.6571588541666666 0.6433020833333334 0.6571588541666666 0.6433020833333334 0.4471536458333333 0.5599010416666667 0.4471536458333333 0.5599010416666667 0.6571588541666666
3 0.6107343749999999 0.7210911458333333 0.7221927083333333 0.7210911458333333 0.7221927083333333 0.46798697916666665 0.6107343749999999 0.46798697916666665 0.6107343749999999 0.7210911458333333
5 0.5833372395833333 0.452734375 0.6874804687499999 0.452734375 0.6874804687499999 0.3186822916666666 0.5833372395833333 0.3186822916666666 0.5833372395833333 0.452734375
5 0.25868619791666664 0.4598385416666666 0.41610546874999993 0.4598385416666666 0.41610546874999993 0.292640625 0.25868619791666664 0.292640625 0.25868619791666664 0.4598385416666666
5 0.6692773437499999 0.46457421875 0.7371809895833333 0.46457421875 0.7371809895833333 0.35253515625 0.6692773437499999 0.35253515625 0.6692773437499999 0.46457421875