10 0.3756692708333333 0.46748828124999997 0.5028723958333333 0.46748828124999997 0.5028723958333333 0.26629296875 0.3756692708333333 0.26629296875 0.3756692708333333 0.46748828124999997
10 0.4445768229166666 0.5512018229166666 0.5383867187499999 0.5512018229166666 0.5383867187499999 0.4162773437499999 0.4445768229166666 0.4162773437499999 0.4445768229166666 0.5512018229166666
10 0.11248828124999999 0.5166979166666665 0.33817317708333333 0.5166979166666665 0.33817317708333333 0.3271354166666667 0.11248828124999999 0.3271354166666667 0.11248828124999999 0.5166979166666665
10 0.091265625 0.6245104166666666 0.29119791666666667 0.6245104166666666 0.29119791666666667 0.5273489583333333 0.091265625 0.5273489583333333 0.091265625 0.6245104166666666
9 0.17460416666666667 0.7349674479166667 0.3254375 0.7349674479166667 0.3254375 0.60446484375 0.17460416666666667 0.60446484375 0.17460416666666667 0.7349674479166667
10 0.5395195312500001 0.6410690104166666 0.63743359375 0.6410690104166666 0.63743359375 0.49551432291666664 0.5395195312500001 0.49551432291666664 0.5395195312500001 0.6410690104166666
10 0.6951653645833333 0.36722265624999995 0.8440169270833333 0.36722265624999995 0.8440169270833333 0.23091796874999998 0.6951653645833333 0.23091796874999998 0.6951653645833333 0.36722265624999995
11 0.8423203125000001 0.6483502604166667 0.9260859374999999 0.6483502604166667 0.9260859374999999 0.5429153645833333 0.8423203125000001 0.5429153645833333 0.8423203125000001 0.6483502604166667
11 0.5901744791666667 0.7241914062499999 0.6756380208333334 0.7241914062499999 0.6756380208333334 0.63488671875 0.5901744791666667 0.63488671875 0.5901744791666667 0.7241914062499999
9 0.7506302083333333 0.5714648437500001 0.874296875 0.5714648437500001 0.874296875 0.40637369791666667 0.7506302083333333 0.40637369791666667 0.7506302083333333 0.5714648437500001
9 0.6207395833333333 0.6376458333333332 0.7478020833333333 0.6376458333333332 0.7478020833333333 0.3922239583333333 0.6207395833333333 0.3922239583333333 0.6207395833333333 0.6376458333333332
9 0.41698697916666666 0.7556236979166667 0.5313151041666666 0.7556236979166667 0.5313151041666666 0.52805859375 0.41698697916666666 0.52805859375 0.41698697916666666 0.7556236979166667