10 0.11052213541666667 0.5221744791666667 0.32936848958333337 0.5221744791666667 0.32936848958333337 0.3293932291666667 0.11052213541666667 0.3293932291666667 0.11052213541666667 0.5221744791666667
10 0.32057421875000003 0.4074466145833333 0.5752018229166667 0.4074466145833333 0.5752018229166667 0.30448046875 0.32057421875000003 0.30448046875 0.32057421875000003 0.4074466145833333
10 0.3523268229166666 0.5622630208333333 0.4348815104166667 0.5622630208333333 0.4348815104166667 0.4441901041666666 0.3523268229166666 0.4441901041666666 0.3523268229166666 0.5622630208333333
10 0.5051028645833334 0.6575833333333333 0.61904296875 0.6575833333333333 0.61904296875 0.513921875 0.5051028645833334 0.513921875 0.5051028645833334 0.6575833333333333
10 0.11723697916666667 0.6400364583333333 0.28930989583333333 0.6400364583333333 0.28930989583333333 0.5400572916666666 0.11723697916666667 0.5400572916666666 0.11723697916666667 0.6400364583333333
9 0.2753893229166667 0.7562669270833333 0.39995442708333334 0.7562669270833333 0.39995442708333334 0.5730299479166666 0.2753893229166667 0.5730299479166666 0.2753893229166667 0.7562669270833333
9 0.39787838541666665 0.6332143229166667 0.40569427083333326 0.6444432291666666 0.4198606770833333 0.6688533854166666 0.4252338541666666 0.6820348958333333 0.431584375 0.6947283854166667 0.44233124999999995 0.7166973958333334 0.45112421875 0.7332963541666666 0.45845156249999997 0.7518481770833333 0.4682213541666666 0.76600625 0.48238776041666664 0.7664942708333333 0.5073010416666667 0.7621005208333334 0.5126744791666666 0.7396432291666667 0.5146283854166667 0.7127919270833333 0.5116973958333333 0.6922872395833333 0.5038815104166666 0.6698296874999999 0.49313463541666663 0.6415138020833333 0.48483020833333335 0.6136861979166667 0.4735947916666666 0.5897640624999999 0.46138255208333334 0.5643776041666666 0.45063567708333335 0.5482666666666667 0.4428197916666667 0.5424083333333333 0.42425703124999997 0.5472903645833334 0.39543593749999995 0.5551015625 0.3749190104166667 0.560471875 0.3754075520833333 0.5721888020833333 0.37784999999999996 0.5829291666666666 0.3822466145833333 0.59562265625 0.3905510416666666 0.6122216145833332 0.39787838541666665 0.6332143229166667
11 0.7662044270833333 0.6883776041666666 0.8463164062499999 0.6883776041666666 0.8463164062499999 0.6151640625 0.7662044270833333 0.6151640625 0.7662044270833333 0.6883776041666666
11 0.8287317708333333 0.6400442708333334 0.9403515624999998 0.6400442708333334 0.9403515624999998 0.5473828124999999 0.8287317708333333 0.5473828124999999 0.8287317708333333 0.6400442708333334
10 0.6875533854166667 0.3977747395833333 0.8316601562499999 0.3977747395833333 0.8316601562499999 0.23597005208333335 0.6875533854166667 0.23597005208333335 0.6875533854166667 0.3977747395833333
9 0.62319609375 0.5664411458333334 0.6471322916666666 0.5830401041666666 0.6808385416666667 0.6020802083333333 0.7184526041666667 0.6181908854166667 0.7492276041666667 0.6318606770833333 0.7609515625000001 0.6264903645833333 0.7707213541666667 0.6045210937500001 0.77218671875 0.5888986979166667 0.7565549479166667 0.5649765625 0.73603828125 0.5474013020833333 0.7208950520833334 0.53421953125 0.7003781250000001 0.5166442708333333 0.68035 0.50053359375 0.6642296875 0.4912575520833333 0.6363854166666666 0.4775877604166666 0.6041447916666667 0.46635911458333335 0.5806971354166667 0.46050078125000005 0.56408828125 0.45171302083333326 0.5489450520833333 0.4478536458333333 0.5489450520833333 0.46928828125 0.5557838541666666 0.50492734375 0.58020859375 0.5371489583333333 0.5992598958333333 0.5454484374999999 0.62319609375 0.5664411458333334
9 0.73945703125 0.5648359374999999 0.8835638020833333 0.5648359374999999 0.8835638020833333 0.4087734375 0.73945703125 0.4087734375 0.73945703125 0.5648359374999999