10 0.18993385416666667 0.5512906249999999 0.15776588541666667 0.5536544270833332 0.14452005208333332 0.56641953125 0.14452005208333332 0.5791846354166666 0.14925078125 0.5990414062499999 0.15918489583333334 0.6184255208333334 0.18378411458333332 0.6245716145833333 0.21027552083333328 0.6316635416666666 0.2112216145833333 0.6425372395833333 0.2202098958333333 0.6567208333333333 0.23724010416666666 0.6496291666666666 0.24906640624999996 0.6515203125 0.26278541666666666 0.6392278645833332 0.25379713541666665 0.6297723958333333 0.2779231770833333 0.6179528645833333 0.29116901041666665 0.6070789062499999 0.29873802083333334 0.587221875 0.27650416666666666 0.5702018229166667 0.26089296875 0.5522361979166666 0.24906640624999996 0.55980078125 0.23109010416666664 0.5517635416666666 0.22292994791666665 0.5281317708333333 0.21453307291666665 0.5361617187500001 0.2003411458333333 0.5512906249999999 0.18993385416666667 0.5512906249999999
11 0.07639973958333332 0.34009114583333333 0.00887109375 0.34009114583333333 0.00887109375 0.42150260416666663 0.07639973958333332 0.42150260416666663 0.07639973958333332 0.34009114583333333
9 0.21169531249999998 0.38798828125 0.08870052083333332 0.38798828125 0.08870052083333332 0.5453710937499999 0.21169531249999998 0.5453710937499999 0.21169531249999998 0.38798828125
10 0.41137499999999994 0.2472903645833333 0.21079166666666663 0.2472903645833333 0.21079166666666663 0.4511627604166666 0.41137499999999994 0.4511627604166666 0.41137499999999994 0.2472903645833333
10 0.5835312499999998 0.24648958333333332 0.41978124999999994 0.24648958333333332 0.41978124999999994 0.45516666666666666 0.5835312499999998 0.45516666666666666 0.5835312499999998 0.24648958333333332
10 0.7006367187499999 0.2649921875 0.5687174479166666 0.2649921875 0.5687174479166666 0.42254427083333324 0.7006367187499999 0.42254427083333324 0.7006367187499999 0.2649921875
10 0.7811106770833334 0.4321484375 0.6696080729166667 0.4321484375 0.6696080729166667 0.5782786458333333 0.7811106770833334 0.5782786458333333 0.7811106770833334 0.4321484375
10 0.3823463541666666 0.5737942708333333 0.25523177083333337 0.5737942708333333 0.25523177083333337 0.6593515625 0.3823463541666666 0.6593515625 0.3823463541666666 0.5737942708333333
9 0.5689192708333334 0.4929674479166666 0.3913567708333333 0.4929674479166666 0.3913567708333333 0.6523450520833334 0.5689192708333334 0.6523450520833334 0.5689192708333334 0.4929674479166666
11 0.6746145833333334 0.5097734375 0.576125 0.5097734375 0.576125 0.5852838541666666 0.6746145833333334 0.5852838541666666 0.6746145833333334 0.5097734375
9 0.9748880208333333 0.3640833333333333 0.7807109375 0.3640833333333333 0.7807109375 0.4953697916666666 0.9748880208333333 0.4953697916666666 0.9748880208333333 0.3640833333333333
11 0.5488997395833334 0.7113984375 0.4143763020833333 0.7113984375 0.4143763020833333 0.7731223958333333 0.5488997395833334 0.7731223958333333 0.5488997395833334 0.7113984375
9 0.78471484375 0.5732734374999999 0.5497018229166667 0.5732734374999999 0.5497018229166667 0.7355130208333333 0.78471484375 0.7355130208333333 0.78471484375 0.5732734374999999