10 0.3301703125 0.39446744791666666 0.3361763020833333 0.4184765625 0.3271674479166667 0.4544903645833333 0.32596640624999995 0.47969973958333334 0.34638619791666664 0.49110416666666656 0.3716106770833333 0.4935052083333333 0.38722578124999996 0.46469427083333337 0.3974356770833333 0.4442864583333333 0.4106484375 0.42868046875 0.4430799479166666 0.42868046875 0.4574940104166666 0.4136747395833333 0.47010625 0.4112739583333333 0.4689049479166666 0.38726484375 0.4508875 0.37225911458333333 0.4364736979166667 0.3560528645833333 0.4172549479166666 0.34764973958333334 0.3998380208333333 0.33144375 0.38182057291666666 0.3188388020833333 0.36860781249999997 0.30923515625000003 0.3505901041666667 0.29422942708333333 0.3319721354166666 0.28162473958333334 0.31335416666666666 0.27622265625 0.3079489583333333 0.27742317708333336 0.29728854166666663 0.2902192708333333 0.2947359375 0.3086348958333333 0.30314427083333334 0.3452489583333333 0.3157565104166667 0.36505651041666665 0.3241645833333333 0.3818627604166666 0.3301703125 0.39446744791666666
9 0.12477083333333332 0.6597695312499999 0.27927083333333336 0.6597695312499999 0.27927083333333336 0.5319544270833333 0.12477083333333332 0.5319544270833333 0.12477083333333332 0.6597695312499999
11 0.24924088541666664 0.6348906249999999 0.3055455729166667 0.6348906249999999 0.3055455729166667 0.5529739583333333 0.24924088541666664 0.5529739583333333 0.24924088541666664 0.6348906249999999
10 0.20945182291666664 0.5178463541666666 0.33482421874999996 0.5178463541666666 0.33482421874999996 0.3825598958333333 0.20945182291666664 0.3825598958333333 0.20945182291666664 0.5178463541666666
9 0.3163580729166667 0.7804153645833333 0.5217565104166667 0.7804153645833333 0.5217565104166667 0.6174700520833334 0.3163580729166667 0.6174700520833334 0.3163580729166667 0.7804153645833333
11 0.52701171875 0.7729075520833334 0.5788111979166666 0.7729075520833334 0.5788111979166666 0.68289453125 0.52701171875 0.68289453125 0.52701171875 0.7729075520833334
9 0.5259604166666667 0.56044921875 0.5307651041666667 0.5772557291666667 0.5373716145833333 0.5952624999999999 0.5463802083333332 0.6222726562500001 0.5487825520833333 0.6456815104166667 0.5511848958333333 0.6666895833333333 0.5686018229166667 0.6786940104166665 0.592625 0.6792942708333334 0.6010333333333333 0.6534846354166667 0.61184375 0.6276747395833333 0.6112432291666666 0.6012648437499999 0.6076395833333332 0.57665546875 0.6052375 0.5442432291666666 0.5968291666666666 0.5142317708333334 0.592625 0.49022265624999994 0.5812140625 0.46501302083333335 0.5734065104166666 0.44520546875000006 0.5391731770833333 0.45360885416666663 0.499234375 0.46210625 0.49833359374999997 0.47881822916666666 0.5001354166666666 0.49562473958333336 0.5049401041666666 0.5256361979166666 0.5187533854166666 0.5430427083333333 0.5259604166666667 0.56044921875
10 0.4722096354166666 0.45120703124999995 0.5649986979166667 0.45120703124999995 0.5649986979166667 0.33298046875 0.4722096354166666 0.33298046875 0.4722096354166666 0.45120703124999995
10 0.5487825520833333 0.49382421874999993 0.6731028645833333 0.49382421874999993 0.6731028645833333 0.31796744791666665 0.5487825520833333 0.31796744791666665 0.5487825520833333 0.49382421874999993
10 0.6688984374999999 0.42899869791666667 0.8310546875 0.42899869791666667 0.8310546875 0.33373046875 0.6688984374999999 0.33373046875 0.6688984374999999 0.42899869791666667
11 0.9133359375 0.43590755208333326 0.9902109374999999 0.43590755208333326 0.9902109374999999 0.3675455729166667 0.9133359375 0.3675455729166667 0.9133359375 0.43590755208333326
9 0.8118372395833333 0.5955664062499999 0.96318359375 0.5955664062499999 0.96318359375 0.4358606770833333 0.8118372395833333 0.4358606770833333 0.8118372395833333 0.5955664062499999
10 0.6846640625 0.65109375 0.8408151041666667 0.65109375 0.8408151041666667 0.5034270833333333 0.6846640625 0.5034270833333333 0.6846640625 0.65109375
11 0.05895963541666667 0.7157044270833333 0.15766015625 0.7157044270833333 0.15766015625 0.66233203125 0.05895963541666667 0.66233203125 0.05895963541666667 0.7157044270833333