10 0.33480078124999996 0.31270052083333333 0.07066796875 0.31270052083333333 0.07066796875 0.46179427083333324 0.33480078124999996 0.46179427083333324 0.33480078124999996 0.31270052083333333
10 0.49756640625 0.24779947916666667 0.29771484375 0.24779947916666667 0.29771484375 0.4222578125 0.49756640625 0.4222578125 0.49756640625 0.24779947916666667
10 0.6698098958333333 0.2601640625 0.5243515624999999 0.2601640625 0.5243515624999999 0.39096093749999994 0.6698098958333333 0.39096093749999994 0.6698098958333333 0.2601640625
10 0.5882122395833334 0.5211419270833333 0.47110546875 0.5211419270833333 0.47110546875 0.6388424479166667 0.5882122395833334 0.6388424479166667 0.5882122395833334 0.5211419270833333
10 0.49793619791666666 0.4951002604166666 0.3843033854166667 0.4951002604166666 0.3843033854166667 0.6224361979166667 0.49793619791666666 0.6224361979166667 0.49793619791666666 0.4951002604166666
10 0.33143098958333334 0.46037890625 0.16776692708333335 0.46037890625 0.16776692708333335 0.5965690104166665 0.33143098958333334 0.5965690104166665 0.33143098958333334 0.46037890625
9 0.27382421875 0.5984752604166667 0.11158203124999999 0.5984752604166667 0.11158203124999999 0.7587174479166666 0.27382421875 0.7587174479166666 0.27382421875 0.5984752604166667
11 0.8956536458333332 0.5897942708333332 0.7870703124999999 0.5897942708333332 0.7870703124999999 0.6754348958333333 0.8956536458333332 0.6754348958333333 0.8956536458333332 0.5897942708333332
11 0.8980208333333332 0.46037890625 0.8072708333333333 0.46037890625 0.8072708333333333 0.5416783854166667 0.8980208333333332 0.5416783854166667 0.8980208333333332 0.46037890625
9 0.8198971354166666 0.33096354166666664 0.6589153645833333 0.33096354166666664 0.6589153645833333 0.494359375 0.8198971354166666 0.494359375 0.8198971354166666 0.33096354166666664
8 0.7946471354166665 0.4635338541666666 0.5610664062499999 0.4635338541666666 0.5610664062499999 0.6072942708333333 0.7946471354166665 0.6072942708333333 0.7946471354166665 0.4635338541666666