10 0.06016145833333334 0.4008502604166667 0.23930729166666667 0.4008502604166667 0.23930729166666667 0.27904557291666665 0.06016145833333334 0.27904557291666665 0.06016145833333334 0.4008502604166667
9 0.062300781250000006 0.5447486979166667 0.23930859375 0.5447486979166667 0.23930859375 0.4027096354166666 0.062300781250000006 0.4027096354166666 0.062300781250000006 0.5447486979166667
9 0.14465364583333334 0.6418203124999999 0.3415807291666667 0.6418203124999999 0.3415807291666667 0.49495572916666664 0.14465364583333334 0.49495572916666664 0.14465364583333334 0.6418203124999999
11 0.057488281249999995 0.6653372395833334 0.15775651041666666 0.6653372395833334 0.15775651041666666 0.6052513020833332 0.057488281249999995 0.6052513020833332 0.057488281249999995 0.6653372395833334
9 0.1510703125 0.7017018229166666 0.40334635416666664 0.7017018229166666 0.40334635416666664 0.57387109375 0.1510703125 0.57387109375 0.1510703125 0.7017018229166666
10 0.4278098958333333 0.513671875 0.5129713541666666 0.513671875 0.5129713541666666 0.3645208333333333 0.4278098958333333 0.3645208333333333 0.4278098958333333 0.513671875
9 0.44585937500000006 0.4563281249999999 0.679015625 0.4563281249999999 0.679015625 0.3692864583333333 0.44585937500000006 0.3692864583333333 0.44585937500000006 0.4563281249999999
9 0.7132395833333334 0.5487851562499999 0.8367708333333332 0.5487851562499999 0.8367708333333332 0.4013710937499999 0.7132395833333334 0.4013710937499999 0.7132395833333334 0.5487851562499999
9 0.8683226562499999 0.45267187499999995 0.8731356770833333 0.4147263020833333 0.8522796874999999 0.3634192708333333 0.8201940104166667 0.3260078125 0.7742041666666666 0.28645885416666667 0.7410489583333334 0.25225416666666667 0.7223322916666666 0.2474442708333333 0.69398984375 0.27576979166666665 0.742653125 0.3436447916666666 0.7661828125 0.40243385416666666 0.8068249999999999 0.4558786458333334 0.8517450520833332 0.4868765625 0.8683226562499999 0.45267187499999995
10 0.6657799479166666 0.42732942708333327 0.7512096354166666 0.42732942708333327 0.7512096354166666 0.32048828124999995 0.6657799479166666 0.32048828124999995 0.6657799479166666 0.42732942708333327
9 0.6437213541666666 0.6510950520833333 0.9152473958333331 0.6510950520833333 0.9152473958333331 0.5540664062499999 0.6437213541666666 0.5540664062499999 0.6437213541666666 0.6510950520833333
9 0.5975989583333332 0.5773411458333333 0.6927864583333333 0.5773411458333333 0.6927864583333333 0.5163463541666667 0.5975989583333332 0.5163463541666667 0.5975989583333332 0.5773411458333333
11 0.5601640625 0.6484231770833333 0.6409140625 0.6484231770833333 0.6409140625 0.5905455729166667 0.5601640625 0.5905455729166667 0.5601640625 0.6484231770833333
10 0.8836966145833334 0.6297161458333334 0.9965325520833332 0.6297161458333334 0.9965325520833332 0.5404088541666667 0.8836966145833334 0.5404088541666667 0.8836966145833334 0.6297161458333334