9 0.22801692708333335 0.46130989583333337 0.33718098958333337 0.46130989583333337 0.33718098958333337 0.3120807291666666 0.22801692708333335 0.3120807291666666 0.22801692708333335 0.46130989583333337
11 0.5476861979166667 0.39577604166666663 0.6072981770833333 0.39577604166666663 0.6072981770833333 0.3260520833333333 0.5476861979166667 0.3260520833333333 0.5476861979166667 0.39577604166666663
10 0.08196744791666666 0.53578125 0.15275651041666666 0.53578125 0.15275651041666666 0.4136145833333333 0.08196744791666666 0.4136145833333333 0.08196744791666666 0.53578125
11 0.4135572916666666 0.49281770833333327 0.46571875 0.49281770833333327 0.46571875 0.4173333333333333 0.4135572916666666 0.4173333333333333 0.4135572916666666 0.49281770833333327
10 0.22011197916666667 0.6018880208333333 0.2837526041666666 0.6018880208333333 0.2837526041666666 0.5023828124999999 0.22011197916666667 0.5023828124999999 0.22011197916666667 0.6018880208333333
9 0.3694036458333333 0.7032705729166666 0.3909364583333333 0.7018359375 0.38997942708333333 0.6841419270833333 0.3751458333333333 0.6784033854166667 0.35074218749999997 0.6525794270833333 0.3225104166666667 0.63440703125 0.30049947916666664 0.6133653645833334 0.2808807291666667 0.5985406249999999 0.26891822916666663 0.5937583333333333 0.25217083333333334 0.5956713541666666 0.24260078125 0.6009317708333333 0.23386796875 0.6058583333333333 0.24595026041666665 0.6406239583333333 0.26700416666666665 0.6592744791666666 0.29858541666666666 0.6769684895833332 0.3268171875 0.69801015625 0.3694036458333333 0.7032705729166666
9 0.18518046875 0.6750557291666667 0.20814843749999995 0.69801015625 0.22776718749999997 0.7171390625 0.2483427083333333 0.7357895833333333 0.2631763020833333 0.7429627604166666 0.2717893229166667 0.7228776041666667 0.27274635416666665 0.7032705729166666 0.25791276041666666 0.6726645833333332 0.2516921875 0.6521013020833333 0.24595026041666665 0.6310596354166667 0.23685859374999998 0.61001796875 0.225853125 0.5832375 0.21245494791666664 0.5650653645833333 0.19953541666666666 0.54737109375 0.1780028645833333 0.5277643229166666 0.15790572916666665 0.5100700520833333 0.14115807291666665 0.5129393229166667 0.12632447916666667 0.52298203125 0.10431354166666666 0.53111171875 0.09187239583333333 0.5373286458333333 0.08613046875 0.5382848958333333 0.10383489583333332 0.5645869791666666 0.12823854166666665 0.5966278645833333 0.15168515624999998 0.6195822916666666 0.1722609375 0.64540625 0.18518046875 0.6750557291666667
11 0.2607838541666666 0.7781197916666667 0.3028932291666666 0.7781197916666667 0.3028932291666666 0.7260520833333334 0.2607838541666666 0.7260520833333334 0.2607838541666666 0.7781197916666667
10 0.39249140624999995 0.6744028645833333 0.4178520833333333 0.6940098958333334 0.4446481770833334 0.7059653645833333 0.4762294270833333 0.7179208333333333 0.4991973958333332 0.7207901041666667 0.5307786458333333 0.7384841145833333 0.5518328125 0.7547437499999999 0.5661877604166666 0.7523526041666667 0.5791072916666666 0.7384841145833333 0.5996828125 0.7250940104166667 0.6126026041666666 0.7107473958333334 0.6130809895833333 0.69161875 0.58245703125 0.6748809895833332 0.5527898437500001 0.6634036458333333 0.5145096354166666 0.6514481770833334 0.48005729166666666 0.6361453125 0.45086875 0.6275372395833333 0.4145026041666666 0.6261026041666666 0.38387838541666663 0.62849375 0.3800505208333333 0.6304065104166666 0.37622239583333333 0.63279765625 0.3757440104166666 0.6476223958333333 0.3819643229166666 0.6610127604166667 0.39249140624999995 0.6744028645833333
11 0.36964322916666664 0.6308567708333334 0.45924218749999995 0.6308567708333334 0.45924218749999995 0.5508307291666666 0.36964322916666664 0.5508307291666666 0.36964322916666664 0.6308567708333334
9 0.5343674479166667 0.6193791666666666 0.5506364583333333 0.6385080729166667 0.5793466145833333 0.65715859375 0.6018361979166666 0.6657664062499999 0.607578125 0.6533328125 0.6094921874999999 0.6303783854166667 0.6008791666666667 0.6088583333333333 0.5879596354166666 0.58590390625 0.5750401041666666 0.5753830729166667 0.55302890625 0.5548197916666666 0.5377169270833333 0.5399947916666666 0.5190552083333333 0.53090859375 0.5023078125 0.5127364583333333 0.48938828124999995 0.4998244791666666 0.47359765624999994 0.48691249999999997 0.4664200520833333 0.48452135416666664 0.45780703124999994 0.4897817708333333 0.4434520833333333 0.4950421875 0.45158645833333333 0.5294739583333333 0.46307057291666665 0.5648622395833333 0.4802966145833333 0.5825565104166667 0.5061356770833333 0.59738125 0.5343674479166667 0.6193791666666666
10 0.6018346354166667 0.6877630208333333 0.6980143229166667 0.6877630208333333 0.6980143229166667 0.6100442708333332 0.6018346354166667 0.6100442708333332 0.6018346354166667 0.6877630208333333
10 0.78330859375 0.5544192708333333 0.9043684895833334 0.5544192708333333 0.9043684895833334 0.47785677083333333 0.78330859375 0.47785677083333333 0.78330859375 0.5544192708333333
10 0.7153619791666668 0.44629557291666666 0.9369088541666667 0.44629557291666666 0.9369088541666667 0.28526171875 0.7153619791666668 0.28526171875 0.7153619791666668 0.44629557291666666
9 0.612484375 0.5185065104166666 0.8105833333333333 0.5185065104166666 0.8105833333333333 0.3660091145833333 0.612484375 0.3660091145833333 0.612484375 0.5185065104166666
9 0.43005390624999995 0.38550130208333333 0.4496723958333333 0.40989062499999995 0.4793395833333333 0.43236692708333335 0.4984796875 0.4500609375 0.5209692708333333 0.4663203125 0.5420234374999999 0.46727682291666667 0.5458515625 0.45053932291666665 0.5463299479166667 0.42710651041666664 0.5439375 0.4051083333333333 0.5439375 0.38837057291666666 0.5463299479166667 0.3716330729166667 0.5415450520833333 0.3515479166666667 0.5324533854166666 0.3338536458333333 0.5209692708333333 0.3209416666666667 0.50517890625 0.3075515625 0.4922591145833334 0.29368333333333335 0.4740760416666666 0.2817278645833333 0.4496723958333333 0.26594661458333335 0.43101093749999997 0.25303463541666665 0.4137848958333333 0.24251380208333334 0.40134375 0.235340625 0.3841177083333333 0.22529791666666665 0.37454765624999997 0.2276890625 0.36210651041666664 0.23151484375 0.3463158854166667 0.24490494791666667 0.33722447916666665 0.24968723958333333 0.35923567708333326 0.28842291666666664 0.37598307291666666 0.31233385416666665 0.39512317708333333 0.33481015625 0.41330624999999993 0.36398151041666665 0.43005390624999995 0.38550130208333333