9 0.8895781249999999 0.39661197916666663 0.7448645833333334 0.39661197916666663 0.7448645833333334 0.5016484374999999 0.8895781249999999 0.5016484374999999 0.8895781249999999 0.39661197916666663
11 0.9592031249999999 0.48580859374999996 0.8943697916666666 0.48580859374999996 0.8943697916666666 0.5538059895833334 0.9592031249999999 0.5538059895833334 0.9592031249999999 0.48580859374999996
10 0.7223190104166666 0.24684114583333333 0.6165143229166666 0.24684114583333333 0.6165143229166666 0.3767057291666666 0.7223190104166666 0.3767057291666666 0.7223190104166666 0.24684114583333333
10 0.4573020833333333 0.29742838541666666 0.307796875 0.29742838541666666 0.307796875 0.4692486979166667 0.4573020833333333 0.4692486979166667 0.4573020833333333 0.29742838541666666
10 0.45850130208333334 0.46291796874999996 0.35066536458333325 0.46291796874999996 0.35066536458333325 0.65456640625 0.45850130208333334 0.65456640625 0.45850130208333334 0.46291796874999996
9 0.7515221354166666 0.5550364583333334 0.59003515625 0.5550364583333334 0.59003515625 0.6673385416666666 0.7515221354166666 0.6673385416666666 0.7515221354166666 0.5550364583333334
11 0.5969583333333334 0.5823281249999999 0.523203125 0.5823281249999999 0.523203125 0.65296875 0.5969583333333334 0.65296875 0.5969583333333334 0.5823281249999999
9 0.28929166666666667 0.3566731770833333 0.08786458333333333 0.3566731770833333 0.08786458333333333 0.52839453125 0.28929166666666667 0.52839453125 0.28929166666666667 0.3566731770833333
11 0.3657083333333333 0.48155859375 0.2802395833333334 0.48155859375 0.2802395833333334 0.5533059895833333 0.3657083333333333 0.5533059895833333 0.3657083333333333 0.48155859375
10 0.134328125 0.4944622395833333 0.03727604166666667 0.4944622395833333 0.03727604166666667 0.6057408854166667 0.134328125 0.6057408854166667 0.134328125 0.4944622395833333
9 0.1835390625 0.6009674479166667 0.05591406249999999 0.6009674479166667 0.05591406249999999 0.7379440104166666 0.1835390625 0.7379440104166666 0.1835390625 0.6009674479166667
9 0.6940104166666666 0.3315169270833333 0.5302083333333333 0.3315169270833333 0.5302083333333333 0.46720703124999996 0.6940104166666666 0.46720703124999996 0.6940104166666666 0.3315169270833333
11 0.23714062499999997 0.7118424479166666 0.15923437499999998 0.7118424479166666 0.15923437499999998 0.77749609375 0.23714062499999997 0.77749609375 0.23714062499999997 0.7118424479166666