4 0.3602486979166667 0.46457421875 0.4942044270833333 0.46457421875 0.4942044270833333 0.34298828124999997 0.3602486979166667 0.34298828124999997 0.3602486979166667 0.46457421875
4 0.8394153645833333 0.5371874999999999 0.9533346354166665 0.5371874999999999 0.9533346354166665 0.40722395833333336 0.8394153645833333 0.40722395833333336 0.8394153645833333 0.5371874999999999
4 0.24132421874999999 0.7812486979166666 0.3664049479166666 0.7812486979166666 0.3664049479166666 0.6693763020833333 0.24132421874999999 0.6693763020833333 0.24132421874999999 0.7812486979166666
3 0.78733203125 0.4053776041666667 0.9517565104166668 0.4053776041666667 0.9517565104166668 0.22059114583333334 0.78733203125 0.22059114583333334 0.78733203125 0.4053776041666667
3 0.22656770833333334 0.6682096354166667 0.36719270833333334 0.6682096354166667 0.36719270833333334 0.44455078124999997 0.22656770833333334 0.44455078124999997 0.22656770833333334 0.6682096354166667
3 0.24491666666666667 0.6450716145833333 0.039067708333333326 0.6450716145833333 0.039067708333333326 0.78125 0.24491666666666667 0.78125 0.24491666666666667 0.6450716145833333
3 0.5523333333333333 0.618484375 0.6669687499999999 0.618484375 0.6669687499999999 0.3681614583333333 0.5523333333333333 0.3681614583333333 0.5523333333333333 0.618484375
3 0.6401484375 0.63899609375 0.7517421874999999 0.63899609375 0.7517421874999999 0.3848580729166667 0.6401484375 0.3848580729166667 0.6401484375 0.63899609375
4 0.5208372395833333 0.7447708333333333 0.61963671875 0.7447708333333333 0.61963671875 0.6268437499999999 0.5208372395833333 0.6268437499999999 0.5208372395833333 0.7447708333333333
4 0.6380247395833334 0.7645013020833333 0.7332356770833333 0.7645013020833333 0.7332356770833333 0.6528841145833333 0.6380247395833334 0.6528841145833333 0.6380247395833334 0.7645013020833333
3 0.3255247395833333 0.33829036458333334 0.47605859375000004 0.33829036458333334 0.47605859375000004 0.21972526041666668 0.3255247395833333 0.21972526041666668 0.3255247395833333 0.33829036458333334