4 0.13542187499999997 0.6611067708333334 0.24965104166666668 0.6611067708333334 0.24965104166666668 0.5495859375 0.13542187499999997 0.5495859375 0.13542187499999997 0.6611067708333334
4 0.22483072916666663 0.6792604166666666 0.3340598958333333 0.6792604166666666 0.3340598958333333 0.5843072916666666 0.22483072916666663 0.5843072916666666 0.22483072916666663 0.6792604166666666
4 0.8862890624999998 0.39511848958333334 0.9848880208333333 0.39511848958333334 0.9848880208333333 0.2822252604166667 0.8862890624999998 0.2822252604166667 0.8862890624999998 0.39511848958333334
4 0.5295195312500001 0.30671875000000004 0.6669700520833333 0.30671875000000004 0.6669700520833333 0.22319791666666666 0.5295195312500001 0.22319791666666666 0.5295195312500001 0.30671875000000004
4 0.15451953125 0.39117187499999995 0.2606940104166667 0.39117187499999995 0.2606940104166667 0.28569791666666666 0.15451953125 0.28569791666666666 0.15451953125 0.39117187499999995
4 0.80382421875 0.7368776041666666 0.8744466145833332 0.7368776041666666 0.8744466145833332 0.6459401041666666 0.80382421875 0.6459401041666666 0.80382421875 0.7368776041666666
4 0.8776106770833332 0.7812486979166666 0.9438684895833334 0.7812486979166666 0.9438684895833334 0.6823971354166666 0.8776106770833332 0.6823971354166666 0.8776106770833332 0.7812486979166666
5 0.9999986979166667 0.5903841145833333 0.9262200520833332 0.5903841145833333 0.9262200520833332 0.78125 0.9999986979166667 0.78125 0.9999986979166667 0.5903841145833333
5 0.5026093749999999 0.5427135416666666 0.6433020833333334 0.5427135416666666 0.6433020833333334 0.45149479166666673 0.5026093749999999 0.45149479166666673 0.5026093749999999 0.5427135416666666
5 0.52951953125 0.4898320312499999 0.68590234375 0.4898320312499999 0.68590234375 0.40635546875 0.52951953125 0.40635546875 0.52951953125 0.4898320312499999
5 0.32378906250000006 0.43931640625 0.43188281249999994 0.43931640625 0.43188281249999994 0.2787513020833333 0.32378906250000006 0.2787513020833333 0.32378906250000006 0.43931640625
3 0.23004036458333338 0.5537643229166667 0.3908606770833334 0.5537643229166667 0.3908606770833334 0.35774609375 0.23004036458333338 0.35774609375 0.23004036458333338 0.5537643229166667
3 0.6614622395833334 0.4566809895833333 0.8689231770833332 0.4566809895833333 0.8689231770833332 0.34645963541666663 0.6614622395833334 0.34645963541666663 0.6614622395833334 0.4566809895833333
3 0.3368111979166667 0.6232200520833333 0.5462721354166666 0.6232200520833333 0.5462721354166666 0.5070507812499999 0.3368111979166667 0.5070507812499999 0.3368111979166667 0.6232200520833333
3 0.8163880208333332 0.6105924479166667 0.9399244791666665 0.6105924479166667 0.9399244791666665 0.4037513020833333 0.8163880208333332 0.4037513020833333 0.8163880208333332 0.6105924479166667
3 0.8841718749999998 0.6689973958333333 0.9904114583333332 0.6689973958333333 0.9904114583333332 0.43673697916666665 0.8841718749999998 0.43673697916666665 0.8841718749999998 0.6689973958333333
3 0.39601171874999996 0.44878906250000006 0.5525820312499999 0.44878906250000006 0.5525820312499999 0.26746614583333334 0.39601171874999996 0.26746614583333334 0.39601171874999996 0.44878906250000006
5 0.29522786458333333 0.5758645833333332 0.4184700520833333 0.5758645833333332 0.4184700520833333 0.40982812499999993 0.29522786458333333 0.40982812499999993 0.29522786458333333 0.5758645833333332
3 0.2673658854166666 0.3185572916666667 0.5005143229166666 0.3185572916666667 0.5005143229166666 0.22216666666666668 0.2673658854166666 0.22216666666666668 0.2673658854166666 0.3185572916666667