4 0.5295182291666667 0.46220703125 0.6188463541666666 0.46220703125 0.6188463541666666 0.34385546875 0.5295182291666667 0.34385546875 0.5295182291666667 0.46220703125
4 0.6436354166666666 0.6437408854166666 0.7632135416666668 0.6437408854166666 0.7632135416666668 0.5244101562499999 0.6436354166666666 0.5244101562499999 0.6436354166666666 0.6437408854166666
4 0.22135807291666665 0.7812486979166666 0.30487109375 0.7812486979166666 0.30487109375 0.68760546875 0.22135807291666665 0.68760546875 0.22135807291666665 0.7812486979166666
4 0.8446236979166667 0.77476171875 0.9312460937499999 0.77476171875 0.9312460937499999 0.6676393229166667 0.8446236979166667 0.6676393229166667 0.8446236979166667 0.77476171875
3 0.35584114583333337 0.41169140624999995 0.5131380208333333 0.41169140624999995 0.5131380208333333 0.24229296875 0.35584114583333337 0.24229296875 0.35584114583333337 0.41169140624999995
3 0.6647942708333333 0.4322135416666667 0.8365807291666666 0.4322135416666667 0.8365807291666666 0.263125 0.6647942708333333 0.263125 0.6647942708333333 0.4322135416666667
3 0.2039973958333333 0.6603177083333334 0.37429427083333333 0.6603177083333334 0.37429427083333333 0.48913020833333326 0.2039973958333333 0.48913020833333326 0.2039973958333333 0.6603177083333334
3 0.74913671875 0.5490286458333333 0.9454466145833333 0.5490286458333333 0.9454466145833333 0.41076822916666667 0.74913671875 0.41076822916666667 0.74913671875 0.5490286458333333
3 0.3790442708333333 0.74240234375 0.49972656249999997 0.74240234375 0.49972656249999997 0.5278841145833333 0.3790442708333333 0.5278841145833333 0.3790442708333333 0.74240234375
3 0.5112890625000001 0.7084635416666666 0.6188463541666666 0.7084635416666666 0.6188463541666666 0.4749322916666666 0.5112890625000001 0.4749322916666666 0.5112890625000001 0.7084635416666666
3 0.09115104166666665 0.37770963541666663 0.09115104166666665 0.21875 0 0.21875 0 0.37770963541666663 0.09115104166666665 0.37770963541666663
4 0.10417187499999998 0.4740638020833333 0.10417187499999998 0.38091015624999996 0 0.38091015624999996 0 0.4740638020833333 0.10417187499999998 0.4740638020833333
5 0.3472278645833333 0.5064075520833333 0.4926263020833333 0.5064075520833333 0.4926263020833333 0.3829934895833333 0.3472278645833333 0.3829934895833333 0.3472278645833333 0.5064075520833333
5 0.9184075520833332 0.7812486979166666 0.9999986979166667 0.7812486979166666 0.9999986979166667 0.5886471354166666 0.9184075520833332 0.5886471354166666 0.9184075520833332 0.7812486979166666
5 0.4114622395833333 0.5940156249999999 0.5281263020833333 0.5940156249999999 0.5281263020833333 0.40722395833333336 0.4114622395833333 0.40722395833333336 0.4114622395833333 0.5940156249999999