4 0.003477864583333338 0.54744921875 0.13683984375 0.54744921875 0.13683984375 0.4341341145833333 0.003477864583333338 0.4341341145833333 0.003477864583333338 0.54744921875
4 0.3151080729166667 0.50325 0.44213671874999994 0.50325 0.44213671874999994 0.3976770833333333 0.3151080729166667 0.3976770833333333 0.3151080729166667 0.50325
4 0.6640677083333333 0.4558919270833333 0.7868802083333334 0.4558919270833333 0.7868802083333334 0.35600911458333334 0.6640677083333333 0.35600911458333334 0.6640677083333333 0.4558919270833333
4 0.15278385416666665 0.6074348958333333 0.2622734375 0.6074348958333333 0.2622734375 0.5027109375000001 0.15278385416666665 0.5027109375000001 0.15278385416666665 0.6074348958333333
4 0.10156770833333333 0.3872265625 0.20389583333333333 0.3872265625 0.20389583333333333 0.3047942708333333 0.10156770833333333 0.3047942708333333 0.10156770833333333 0.3872265625
4 0.21962239583333334 0.3185559895833333 0.3103932291666667 0.3185559895833333 0.3103932291666667 0.23968880208333335 0.21962239583333334 0.23968880208333335 0.21962239583333334 0.3185559895833333
4 0.5546914062499999 0.7068854166666666 0.6519804687499999 0.7068854166666666 0.6519804687499999 0.620765625 0.5546914062499999 0.620765625 0.5546914062499999 0.7068854166666666
4 0.6993151041666668 0.698890625 0.5954921875 0.698890625 0.5954921875 0.78125 0.6993151041666668 0.78125 0.6993151041666668 0.698890625
5 0.8689283854166666 0.586125 0.9999986979166667 0.586125 0.9999986979166667 0.4601770833333333 0.8689283854166666 0.4601770833333333 0.8689283854166666 0.586125
5 0.8732695312499998 0.5825703124999999 0.8732695312499998 0.7195130208333333 1 0.7195130208333333 1 0.5825703124999999 0.8732695312499998 0.5825703124999999
5 0.5451249999999999 0.34539453124999997 0.704875 0.34539453124999997 0.704875 0.2587877604166667 0.5451249999999999 0.2587877604166667 0.5451249999999999 0.34539453124999997
5 0.4288059895833333 0.39748697916666664 0.5731315104166665 0.39748697916666664 0.5731315104166665 0.31521093749999995 0.4288059895833333 0.31521093749999995 0.4288059895833333 0.39748697916666664
3 0.4470364583333334 0.6240104166666667 0.6354531250000001 0.6240104166666667 0.6354531250000001 0.4419479166666667 0.4470364583333334 0.4419479166666667 0.4470364583333334 0.6240104166666667
3 0.47134244791666663 0.47799218749999994 0.6472877604166667 0.47799218749999994 0.6472877604166667 0.37944531249999996 0.47134244791666663 0.37944531249999996 0.47134244791666663 0.47799218749999994
3 0.14234895833333333 0.4969348958333333 0.3372552083333333 0.4969348958333333 0.3372552083333333 0.40375260416666664 0.14234895833333333 0.40375260416666664 0.14234895833333333 0.4969348958333333
3 0.6709947916666668 0.21875 0.6709947916666668 0.3753854166666667 0.7948072916666666 0.3753854166666667 0.7948072916666666 0.21875 0.6709947916666668 0.21875
3 0.7048476562499999 0.7716041666666666 0.9123502604166667 0.7716041666666666 0.9123502604166667 0.6221041666666667 0.7048476562499999 0.6221041666666667 0.7048476562499999 0.7716041666666666
3 0.6466888020833335 0.6768919270833333 0.85870703125 0.6768919270833333 0.85870703125 0.54973828125 0.6466888020833335 0.54973828125 0.6466888020833335 0.6768919270833333
3 0.22220963541666666 0.41563802083333334 0.4303424479166667 0.41563802083333334 0.4303424479166667 0.2987161458333333 0.22220963541666666 0.2987161458333333 0.22220963541666666 0.41563802083333334
3 0.38974609375 0.33197656249999996 0.5668216145833332 0.33197656249999996 0.5668216145833332 0.2292734375 0.38974609375 0.2292734375 0.38974609375 0.33197656249999996