5 0.8619843750000001 0.550453125 0.8619843750000001 0.78125 1 0.78125 1 0.550453125 0.8619843750000001 0.550453125
4 0.17101041666666666 0.6815768229166667 0.2772604166666666 0.6815768229166667 0.2772604166666666 0.5582304687499999 0.17101041666666666 0.5582304687499999 0.17101041666666666 0.6815768229166667
4 0.32813020833333334 0.5608177083333332 0.42635937499999993 0.5608177083333332 0.42635937499999993 0.4558020833333334 0.32813020833333334 0.4558020833333334 0.32813020833333334 0.5608177083333332
4 0.46354817708333335 0.41874479166666667 0.5746705729166667 0.41874479166666667 0.5746705729166667 0.311703125 0.46354817708333335 0.311703125 0.46354817708333335 0.41874479166666667
4 0.16927604166666665 0.4092747395833333 0.2670052083333333 0.4092747395833333 0.2670052083333333 0.31691276041666666 0.16927604166666665 0.31691276041666666 0.16927604166666665 0.4092747395833333
3 0.4184088541666666 0.52766796875 0.6133255208333332 0.52766796875 0.6133255208333332 0.39811328125 0.4184088541666666 0.39811328125 0.4184088541666666 0.52766796875
3 0.2931041666666666 0.7249882812499999 0.45476041666666667 0.7249882812499999 0.45476041666666667 0.5504179687499999 0.2931041666666666 0.5504179687499999 0.2931041666666666 0.7249882812499999
3 0.22375390624999997 0.5529244791666666 0.3979596354166667 0.5529244791666666 0.3979596354166667 0.33861197916666663 0.22375390624999997 0.33861197916666663 0.22375390624999997 0.5529244791666666
3 0.5651080729166666 0.3682317708333333 0.75690234375 0.3682317708333333 0.75690234375 0.22788802083333332 0.5651080729166666 0.22788802083333332 0.5651080729166666 0.3682317708333333
5 0.5980963541666665 0.44479296874999996 0.7624244791666667 0.44479296874999996 0.7624244791666667 0.31422265625 0.5980963541666665 0.31422265625 0.5980963541666665 0.44479296874999996
5 0.3559088541666667 0.36981119791666667 0.4587057291666666 0.36981119791666667 0.4587057291666666 0.23878776041666666 0.3559088541666667 0.23878776041666666 0.3559088541666667 0.36981119791666667
3 0.2734440104166666 0.21875 0.2734440104166666 0.3627083333333333 0.45081640624999997 0.3627083333333333 0.45081640624999997 0.21875 0.2734440104166666 0.21875