4 0.10851041666666665 0.5877018229166666 0.20941666666666664 0.5877018229166666 0.20941666666666664 0.4896888020833333 0.10851041666666665 0.4896888020833333 0.10851041666666665 0.5877018229166666
4 0.10851302083333332 0.6958346354166667 0.21494010416666667 0.6958346354166667 0.21494010416666667 0.6216341145833333 0.10851302083333332 0.6216341145833333 0.10851302083333332 0.6958346354166667
4 0.5008736979166667 0.48194010416666666 0.6180585937499999 0.48194010416666666 0.6180585937499999 0.3863098958333333 0.5008736979166667 0.3863098958333333 0.5008736979166667 0.48194010416666666
4 0.6284765625 0.4898320312499999 0.7166692708333333 0.4898320312499999 0.7166692708333333 0.37770963541666663 0.6284765625 0.37770963541666663 0.6284765625 0.4898320312499999
4 0.7743111979166667 0.759765625 0.8768138020833331 0.759765625 0.8768138020833331 0.6459374999999999 0.7743111979166667 0.6459374999999999 0.7743111979166667 0.759765625
3 0.18490104166666665 0.5237695312499999 0.40742708333333333 0.5237695312499999 0.40742708333333333 0.38291796875 0.18490104166666665 0.38291796875 0.18490104166666665 0.5237695312499999
3 0.7708372395833333 0.6358489583333333 0.8807565104166667 0.6358489583333333 0.8807565104166667 0.41503645833333336 0.7708372395833333 0.41503645833333336 0.7708372395833333 0.6358489583333333
3 0.6660520833333333 0.6563697916666666 0.768734375 0.6563697916666666 0.768734375 0.3915989583333333 0.6660520833333333 0.3915989583333333 0.6660520833333333 0.6563697916666666
3 0.22917187499999997 0.6887317708333333 0.40269270833333337 0.6887317708333333 0.40269270833333337 0.5363203124999999 0.22917187499999997 0.5363203124999999 0.22917187499999997 0.6887317708333333
3 0.3893880208333333 0.6476875 0.5557369791666666 0.6476875 0.5557369791666666 0.46451562499999993 0.3893880208333333 0.46451562499999993 0.3893880208333333 0.6476875
3 0.49680078125 0.6405859375 0.6653919270833333 0.6405859375 0.6653919270833333 0.4688567708333333 0.49680078125 0.4688567708333333 0.49680078125 0.6405859375
5 0.37760937499999997 0.3990651041666667 0.539171875 0.3990651041666667 0.539171875 0.2813567708333333 0.37760937499999997 0.2813567708333333 0.37760937499999997 0.3990651041666667
5 0.7074687500000001 0.46141796875 0.7805677083333333 0.46141796875 0.7805677083333333 0.28309244791666666 0.7074687500000001 0.28309244791666666 0.7074687500000001 0.46141796875
5 0.7726809895833332 0.44107942708333325 0.8645898437499999 0.44107942708333325 0.8645898437499999 0.28146223958333333 0.7726809895833332 0.28146223958333333 0.7726809895833332 0.44107942708333325
5 0.9140664062499999 0.7812486979166666 0.99751171875 0.7812486979166666 0.99751171875 0.56260546875 0.9140664062499999 0.56260546875 0.9140664062499999 0.7812486979166666
5 0.43837239583333326 0.7812486979166666 0.5454817708333334 0.7812486979166666 0.5454817708333334 0.5756263020833333 0.43837239583333326 0.5756263020833333 0.43837239583333326 0.7812486979166666
5 0.75848046875 0.6138216145833333 0.6180611979166667 0.6138216145833333 0.6180611979166667 0.78125 0.75848046875 0.78125 0.75848046875 0.6138216145833333
5 0.2769153645833333 0.77318359375 0.39717317708333333 0.77318359375 0.39717317708333333 0.6086132812499999 0.2769153645833333 0.6086132812499999 0.2769153645833333 0.77318359375