7 0.25664453125 0.4231536458333333 0.1439231770833333 0.4231536458333333 0.1439231770833333 0.5081380208333333 0.25664453125 0.5081380208333333 0.25664453125 0.4231536458333333
7 0.29994531249999995 0.5206276041666666 0.1869817708333333 0.5206276041666666 0.1869817708333333 0.6126276041666665 0.29994531249999995 0.6126276041666665 0.29994531249999995 0.5206276041666666
7 0.6816458333333333 0.63529296875 0.5610625 0.63529296875 0.5610625 0.7296966145833332 0.6816458333333333 0.7296966145833332 0.6816458333333333 0.63529296875
8 0.32050390625 0.6040807291666667 0.20935546875000002 0.6040807291666667 0.20935546875000002 0.6629765624999999 0.32050390625 0.6629765624999999 0.32050390625 0.6040807291666667
6 0.4684205729166667 0.37515624999999997 0.24430859374999997 0.37515624999999997 0.24430859374999997 0.4898958333333333 0.4684205729166667 0.4898958333333333 0.4684205729166667 0.37515624999999997
6 0.5080885416666666 0.46295833333333325 0.2884531249999999 0.46295833333333325 0.2884531249999999 0.5841770833333333 0.5080885416666666 0.5841770833333333 0.5080885416666666 0.46295833333333325
7 0.8866471354166666 0.6225768229166666 0.77114453125 0.6225768229166666 0.77114453125 0.7019856770833333 0.8866471354166666 0.7019856770833333 0.8866471354166666 0.6225768229166666
6 0.7832395833333334 0.5526783854166666 0.6101666666666666 0.5526783854166666 0.6101666666666666 0.6879622395833334 0.7832395833333334 0.6879622395833334 0.7832395833333334 0.5526783854166666
6 0.5761822916666667 0.5915078125 0.30961979166666664 0.5915078125 0.30961979166666664 0.7116536458333333 0.5761822916666667 0.7116536458333333 0.5761822916666667 0.5915078125
7 0.6271002604166667 0.4668072916666667 0.5114778645833333 0.4668072916666667 0.5114778645833333 0.5840364583333333 0.6271002604166667 0.5840364583333333 0.6271002604166667 0.4668072916666667
7 0.5218763020833332 0.29204296875 0.3921028645833333 0.29204296875 0.3921028645833333 0.38505078125000003 0.5218763020833332 0.38505078125000003 0.5218763020833332 0.29204296875
8 0.9209947916666665 0.23157161458333336 0.818796875 0.23157161458333336 0.818796875 0.3188138020833333 0.9209947916666665 0.3188138020833333 0.9209947916666665 0.23157161458333336
8 0.8438346354166665 0.22310546874999998 0.7655820312499999 0.22310546874999998 0.7655820312499999 0.2888372395833333 0.8438346354166665 0.2888372395833333 0.8438346354166665 0.22310546874999998
6 0.7601393229166666 0.25031510416666664 0.5130481770833333 0.25031510416666664 0.5130481770833333 0.36861197916666666 0.7601393229166666 0.36861197916666666 0.7601393229166666 0.25031510416666664
6 0.8254492187499999 0.2939778645833333 0.6122226562499999 0.2939778645833333 0.6122226562499999 0.5005065104166666 0.8254492187499999 0.5005065104166666 0.8254492187499999 0.2939778645833333
8 0.5257981770833333 0.4893502604166667 0.45674869791666667 0.4893502604166667 0.45674869791666667 0.5557955729166666 0.5257981770833333 0.5557955729166666 0.5257981770833333 0.4893502604166667