10 0.06034895833333333 0.5035078125 0.16634895833333332 0.5035078125 0.16634895833333332 0.3860286458333333 0.06034895833333333 0.3860286458333333 0.06034895833333333 0.5035078125
9 0.10058203124999998 0.6940390624999999 0.30685546874999997 0.6940390624999999 0.30685546874999997 0.4897057291666666 0.10058203124999998 0.4897057291666666 0.10058203124999998 0.6940390624999999
11 0.2622903645833333 0.6327981770833333 0.31877213541666666 0.6327981770833333 0.31877213541666666 0.5361289062499999 0.2622903645833333 0.5361289062499999 0.2622903645833333 0.6327981770833333
9 0.30020182291666664 0.7446861979166666 0.4185794270833333 0.7446861979166666 0.4185794270833333 0.6289752604166667 0.30020182291666664 0.6289752604166667 0.30020182291666664 0.7446861979166666
11 0.29169010416666663 0.7533463541666666 0.3467786458333333 0.7533463541666666 0.3467786458333333 0.6839088541666667 0.29169010416666663 0.6839088541666667 0.29169010416666663 0.7533463541666666
10 0.5343294270833333 0.7427109375 0.6816445312500001 0.7427109375 0.6816445312500001 0.6082317708333334 0.5343294270833333 0.6082317708333334 0.5343294270833333 0.7427109375
10 0.6296510416666667 0.6475429687500001 0.7837760416666667 0.6475429687500001 0.7837760416666667 0.4981184895833334 0.6296510416666667 0.4981184895833334 0.6296510416666667 0.6475429687500001
10 0.44179296875 0.48525130208333334 0.5238059895833332 0.48525130208333334 0.5238059895833332 0.34347265625 0.44179296875 0.34347265625 0.44179296875 0.48525130208333334
9 0.4427200520833333 0.6498033854166666 0.5409830729166666 0.6498033854166666 0.5409830729166666 0.4773268229166666 0.4427200520833333 0.4773268229166666 0.4427200520833333 0.6498033854166666
9 0.42105651041666664 0.73627578125 0.43962578125 0.7573083333333333 0.47181223958333335 0.7486479166666666 0.50461796875 0.7239036458333332 0.5337096354166666 0.7053453125 0.5603255208333333 0.6904986979166667 0.5819895833333334 0.6762708333333334 0.6017966145833332 0.65461953125 0.61788984375 0.64162890625 0.6098434895833333 0.617503125 0.5857033854166667 0.6094611979166666 0.5708481770833332 0.6094611979166666 0.5559927083333334 0.6076054687499999 0.5182354166666666 0.6292567708333333 0.4953333333333333 0.6509080729166666 0.4557190104166667 0.6843127604166666 0.429103125 0.71276875 0.42105651041666664 0.73627578125
9 0.2916914062499999 0.4949296875 0.41239192708333333 0.4949296875 0.41239192708333333 0.2654921875 0.2916914062499999 0.2654921875 0.2916914062499999 0.4949296875
11 0.3829908854166667 0.5577942708333332 0.4371497395833333 0.5577942708333332 0.4371497395833333 0.4893619791666667 0.3829908854166667 0.4893619791666667 0.3829908854166667 0.5577942708333332
11 0.36132421875 0.33731119791666664 0.42476953124999994 0.33731119791666664 0.42476953124999994 0.2885377604166667 0.36132421875 0.2885377604166667 0.36132421875 0.33731119791666664
10 0.6468255208333333 0.42391796875 0.7491119791666666 0.42391796875 0.7491119791666666 0.2916341145833333 0.6468255208333333 0.2916341145833333 0.6468255208333333 0.42391796875
9 0.4170338541666666 0.3533958333333333 0.6717421874999999 0.3533958333333333 0.6717421874999999 0.25078125 0.4170338541666666 0.25078125 0.4170338541666666 0.3533958333333333
11 0.6581236979166666 0.25936848958333336 0.7317825520833333 0.25936848958333336 0.7317825520833333 0.21875130208333332 0.6581236979166666 0.21875130208333332 0.6581236979166666 0.25936848958333336
9 0.7458619791666665 0.4622695312499999 0.9433151041666665 0.4622695312499999 0.9433151041666665 0.2630065104166667 0.7458619791666665 0.2630065104166667 0.7458619791666665 0.4622695312499999
10 0.8185924479166665 0.5673476562499999 0.91205859375 0.5673476562499999 0.91205859375 0.4757773437499999 0.8185924479166665 0.4757773437499999 0.8185924479166665 0.5673476562499999
9 0.8681106770833333 0.6972565104166667 0.9956184895833333 0.6972565104166667 0.9956184895833333 0.5554726562499999 0.8681106770833333 0.5554726562499999 0.8681106770833333 0.6972565104166667