10 0.3599088541666666 0.24530598958333333 0.17329947916666666 0.24530598958333333 0.17329947916666666 0.35116796875 0.3599088541666666 0.35116796875 0.3599088541666666 0.24530598958333333
10 0.5388606770833333 0.23062630208333332 0.4286393229166666 0.23062630208333332 0.4286393229166666 0.3260091145833333 0.5388606770833333 0.3260091145833333 0.5388606770833333 0.23062630208333332
9 0.5814153645833333 0.2903177083333333 0.41441276041666664 0.2903177083333333 0.41441276041666664 0.4885520833333333 0.5814153645833333 0.4885520833333333 0.5814153645833333 0.2903177083333333
10 0.6896575520833332 0.4656666666666666 0.5739934895833334 0.4656666666666666 0.5739934895833334 0.5852604166666666 0.6896575520833332 0.5852604166666666 0.6896575520833332 0.4656666666666666
10 0.8398359375 0.41185546874999995 0.7218203125 0.41185546874999995 0.7218203125 0.51108203125 0.8398359375 0.51108203125 0.8398359375 0.41185546874999995
9 0.8449101562499999 0.23142317708333332 0.6211263020833333 0.23142317708333332 0.6211263020833333 0.4198945312499999 0.8449101562499999 0.4198945312499999 0.8449101562499999 0.23142317708333332
9 0.9806132812499999 0.44772786458333336 0.8300638020833333 0.44772786458333336 0.8300638020833333 0.5890950520833333 0.9806132812499999 0.5890950520833333 0.9806132812499999 0.44772786458333336
11 0.69275 0.66278125 0.589828125 0.66278125 0.589828125 0.7205 0.69275 0.7205 0.69275 0.66278125
9 0.57597265625 0.46504817708333335 0.49853255208333336 0.46504817708333335 0.49853255208333336 0.5683268229166666 0.57597265625 0.5683268229166666 0.57597265625 0.46504817708333335
9 0.55568515625 0.5584786458333333 0.5462835937499999 0.5836994791666666 0.5284700520833333 0.5945791666666667 0.4958117187499999 0.6331526041666666 0.47008098958333333 0.6652968749999999 0.45127786458333324 0.692990625 0.43742265625 0.7246403645833333 0.4349486979166667 0.7607411458333333 0.4636481770833333 0.7691481770833333 0.49432734375000004 0.7666755208333333 0.53044921875 0.7449161458333333 0.5586541666666667 0.7157388020833333 0.5903226562499999 0.66678046875 0.6190223958333332 0.6291963541666666 0.6432687500000001 0.5935901041666666 0.59675546875 0.5574895833333333 0.5725091145833333 0.5386973958333333 0.55568515625 0.5584786458333333
10 0.29986067708333336 0.35185677083333333 0.18370182291666667 0.35185677083333333 0.18370182291666667 0.4468619791666667 0.29986067708333336 0.4468619791666667 0.29986067708333336 0.35185677083333333
10 0.40921874999999996 0.32958984375 0.31668749999999996 0.32958984375 0.31668749999999996 0.45625911458333335 0.40921874999999996 0.45625911458333335 0.40921874999999996 0.32958984375
9 0.22415442708333333 0.5546869791666666 0.24889557291666664 0.59622734375 0.26621432291666663 0.6011726562499999 0.27462630208333333 0.5680393229166667 0.2637401041666666 0.5240260416666667 0.25285416666666666 0.4834747395833333 0.23553541666666664 0.4518247395833333 0.2122786458333333 0.42561484375 0.18605312499999999 0.39989921875 0.15784817708333332 0.38605234374999997 0.13657083333333334 0.38901953125 0.13211744791666666 0.40682265624999997 0.15438463541666664 0.4458903645833333 0.19100130208333335 0.5007833333333334 0.22415442708333333 0.5546869791666666
9 0.28303828124999997 0.6768971354166666 0.3008518229166667 0.6551377604166666 0.3137171875 0.6309059895833333 0.32460338541666667 0.6071684895833334 0.33351015625 0.5745294270833333 0.33796354166666664 0.54040703125 0.3320255208333333 0.5112296875 0.31767578125 0.4761182291666667 0.30777942708333333 0.44694088541666666 0.2919450520833333 0.4207309895833333 0.27462630208333333 0.41380755208333325 0.24790572916666664 0.42221458333333334 0.23652499999999996 0.4439736979166667 0.24345260416666664 0.4677111979166666 0.25928671875 0.5052953125 0.26918333333333333 0.53348359375 0.2790796875 0.5646390625 0.27512109375 0.5967833333333333 0.27017291666666665 0.6200263020833333 0.2659669270833333 0.6357611979166666 0.25978151041666664 0.6561268229166666 0.25780234375 0.6749190104166667 0.28303828124999997 0.6768971354166666
9 0.33647890625 0.5176075520833333 0.33400494791666663 0.5517299479166666 0.33153072916666665 0.5799182291666666 0.32460338541666667 0.6135460937499999 0.3147067708333333 0.641734375 0.3062947916666666 0.6659664062499999 0.3171809895833333 0.6812966145833333 0.3448908854166667 0.6758567708333333 0.35775625 0.6565703125 0.3745802083333333 0.63629453125 0.39239401041666666 0.6031609375 0.39932135416666664 0.5779401041666666 0.40674374999999996 0.5537080729166666 0.39189921875 0.5349158854166667 0.4077333333333333 0.5131567708333333 0.4131763020833333 0.4938700520833333 0.4102075520833333 0.45974739583333335 0.4032799479166666 0.43403203124999995 0.37705442708333325 0.4424390625 0.33400494791666663 0.45282421875 0.33153072916666665 0.4651872395833333 0.33697369791666665 0.4849684895833333 0.33647890625 0.5176075520833333
11 0.28600781249999996 0.66224609375 0.22576302083333336 0.66224609375 0.22576302083333336 0.7402226562499999 0.28600781249999996 0.7402226562499999 0.28600781249999996 0.66224609375
11 0.33251953125 0.6690104166666666 0.28142838541666665 0.6690104166666666 0.28142838541666665 0.7378177083333333 0.33251953125 0.7378177083333333 0.33251953125 0.6690104166666666
11 0.44781380208333327 0.4906276041666667 0.39771223958333335 0.4906276041666667 0.39771223958333335 0.5692057291666666 0.44781380208333327 0.5692057291666666 0.44781380208333327 0.4906276041666667