4 0.010421875000000002 0.5624453125 0.12973958333333332 0.5624453125 0.12973958333333332 0.4263203125 0.010421875000000002 0.4263203125 0.010421875000000002 0.5624453125
4 0.14670572916666666 0.6019088541666666 0.28120572916666664 0.6019088541666666 0.28120572916666664 0.5070494791666667 0.14670572916666666 0.5070494791666667 0.14670572916666666 0.6019088541666666
4 0.33420703124999995 0.6579479166666666 0.41768359374999997 0.6579479166666666 0.41768359374999997 0.550453125 0.33420703124999995 0.550453125 0.33420703124999995 0.6579479166666666
4 0.5408020833333333 0.5703372395833333 0.6212135416666666 0.5703372395833333 0.6212135416666666 0.46104296875 0.5408020833333333 0.46104296875 0.5408020833333333 0.5703372395833333
4 0.21441536458333332 0.31539973958333334 0.30408463541666664 0.31539973958333334 0.30408463541666664 0.23448046875 0.21441536458333332 0.23448046875 0.21441536458333332 0.31539973958333334
4 0.10503906249999999 0.39590755208333334 0.20704947916666666 0.39590755208333334 0.20704947916666666 0.3169466145833333 0.10503906249999999 0.3169466145833333 0.10503906249999999 0.39590755208333334
4 0.6579908854166667 0.3635481770833333 0.7387591145833333 0.3635481770833333 0.7387591145833333 0.29350911458333334 0.6579908854166667 0.29350911458333334 0.6579908854166667 0.3635481770833333
5 0.81084765625 0.34697265625 0.96043359375 0.34697265625 0.96043359375 0.25618359375 0.81084765625 0.25618359375 0.81084765625 0.34697265625
3 0.22483203124999998 0.3966953125 0.5076158854166666 0.3966953125 0.5076158854166666 0.29871614583333334 0.22483203124999998 0.29871614583333334 0.22483203124999998 0.3966953125
3 0.3776080729166667 0.3185559895833333 0.5912356770833334 0.3185559895833333 0.5912356770833334 0.22666796875 0.3776080729166667 0.22666796875 0.3776080729166667 0.3185559895833333
3 0.6354218749999999 0.4969361979166666 0.8563020833333332 0.4969361979166666 0.8563020833333332 0.33935026041666666 0.6354218749999999 0.33935026041666666 0.6354218749999999 0.4969361979166666
3 0.14236588541666667 0.4945677083333333 0.37192578125000003 0.4945677083333333 0.37192578125000003 0.37296874999999996 0.14236588541666667 0.37296874999999996 0.14236588541666667 0.4945677083333333
5 0.5859427083333333 0.31303255208333336 0.7206145833333334 0.31303255208333336 0.7206145833333334 0.24923828124999997 0.5859427083333333 0.24923828124999997 0.5859427083333333 0.31303255208333336
5 0.8376783854166666 0.41169140624999995 0.9643789062499998 0.41169140624999995 0.9643789062499998 0.32041796875 0.8376783854166666 0.32041796875 0.8376783854166666 0.41169140624999995
5 0.4496575520833333 0.39432812500000003 0.5951809895833333 0.39432812500000003 0.5951809895833333 0.3108697916666666 0.4496575520833333 0.3108697916666666 0.4496575520833333 0.39432812500000003
3 0.4079908854166666 0.6019088541666666 0.6409361979166667 0.6019088541666666 0.6409361979166667 0.40412760416666665 0.4079908854166666 0.40412760416666665 0.4079908854166666 0.6019088541666666