10 0.16640885416666668 0.29848046874999995 0.06974739583333334 0.29848046874999995 0.06974739583333334 0.43292578125 0.16640885416666668 0.43292578125 0.16640885416666668 0.29848046874999995
9 0.19969010416666663 0.4294401041666666 0.07032552083333332 0.4294401041666666 0.07032552083333332 0.6561119791666666 0.19969010416666663 0.6561119791666666 0.19969010416666663 0.4294401041666666
11 0.18551171875 0.6587955729166667 0.1150403645833333 0.6587955729166667 0.1150403645833333 0.7492877604166666 0.18551171875 0.7492877604166666 0.18551171875 0.6587955729166667
9 0.34859244791666666 0.30600520833333333 0.23065755208333333 0.30600520833333333 0.23065755208333333 0.546015625 0.34859244791666666 0.546015625 0.34859244791666666 0.30600520833333333
9 0.2103984375 0.78125 0.3378828125 0.78125 0.3378828125 0.6616875 0.2103984375 0.6616875 0.2103984375 0.78125
11 0.4859765625 0.35839453125 0.4020234374999999 0.35839453125 0.4020234374999999 0.42757421874999996 0.4859765625 0.42757421874999996 0.4859765625 0.35839453125
10 0.60717578125 0.40391796874999997 0.50832421875 0.40391796874999997 0.50832421875 0.5178684895833333 0.60717578125 0.5178684895833333 0.60717578125 0.40391796874999997
9 0.59062109375 0.5067877604166666 0.4075820312499999 0.5067877604166666 0.4075820312499999 0.6941080729166667 0.59062109375 0.6941080729166667 0.59062109375 0.5067877604166666
11 0.3949296875 0.66050390625 0.3284765625 0.66050390625 0.3284765625 0.7264388020833333 0.3949296875 0.7264388020833333 0.3949296875 0.66050390625
10 0.8137447916666666 0.5393177083333333 0.619828125 0.5393177083333333 0.619828125 0.6432239583333332 0.8137447916666666 0.6432239583333332 0.8137447916666666 0.5393177083333333
10 0.9024270833333332 0.48668750000000005 0.7922239583333333 0.48668750000000005 0.7922239583333333 0.5801041666666666 0.9024270833333332 0.5801041666666666 0.9024270833333332 0.48668750000000005
9 0.99512890625 0.5765520833333333 0.84791796875 0.5765520833333333 0.84791796875 0.6982760416666667 0.99512890625 0.6982760416666667 0.99512890625 0.5765520833333333
9 0.9292682291666667 0.32705989583333334 0.7017682291666667 0.32705989583333334 0.7017682291666667 0.4683151041666666 0.9292682291666667 0.4683151041666666 0.9292682291666667 0.32705989583333334
9 0.5916856770833332 0.39977604166666664 0.6389828124999999 0.4177385416666667 0.6725638020833333 0.4361734374999999 0.6891177083333333 0.4465723958333333 0.7009419270833334 0.4172656249999999 0.7023609375 0.3855953125 0.6947932291666665 0.3695239583333333 0.6668880208333332 0.34919817708333334 0.6266856770833333 0.33738098958333335 0.5831723958333332 0.33170859375 0.5354023437500001 0.33407213541666664 0.50702421875 0.34494401041666667 0.4810106770833332 0.36290625 0.47202421875 0.36905130208333337 0.46303802083333334 0.3818138020833333 0.4715513020833333 0.39788541666666666 0.48715937499999995 0.39599453125 0.51411875 0.39504921875 0.5647265625 0.3926856770833333 0.5916856770833332 0.39977604166666664
10 0.7926979166666667 0.38499739583333337 0.6940833333333332 0.38499739583333337 0.6940833333333332 0.5085390624999999 0.7926979166666667 0.5085390624999999 0.7926979166666667 0.38499739583333337
10 0.6923098958333332 0.78125 0.7988463541666666 0.78125 0.7988463541666666 0.6616875 0.6923098958333332 0.6616875 0.6923098958333332 0.78125
9 0.5477005208333333 0.78125 0.6955026041666665 0.78125 0.6955026041666665 0.6621601562499999 0.5477005208333333 0.6621601562499999 0.5477005208333333 0.78125