4 0.030386718749999996 0.6910989583333332 0.16523828125 0.6910989583333332 0.16523828125 0.5712864583333334 0.030386718749999996 0.5712864583333334 0.030386718749999996 0.6910989583333332
4 0.11285156249999997 0.5506067708333333 0.23939322916666664 0.5506067708333333 0.23939322916666664 0.44281510416666664 0.11285156249999997 0.44281510416666664 0.11285156249999997 0.5506067708333333
4 0.21181119791666667 0.31776953125 0.3214388020833333 0.31776953125 0.3214388020833333 0.21875130208333332 0.21181119791666667 0.21875130208333332 0.21181119791666667 0.31776953125
4 0.5885481770833334 0.42984765624999993 0.72376953125 0.42984765624999993 0.72376953125 0.3291002604166667 0.5885481770833334 0.3291002604166667 0.5885481770833334 0.42984765624999993
4 0.6310807291666667 0.6982018229166667 0.7419140625 0.6982018229166667 0.7419140625 0.58604296875 0.6310807291666667 0.58604296875 0.6310807291666667 0.6982018229166667
4 0.7332356770833333 0.6815299479166667 0.6102486979166665 0.6815299479166667 0.6102486979166665 0.78125 0.7332356770833333 0.78125 0.7332356770833333 0.6815299479166667
5 0.7968789062499999 0.36117838541666664 0.9178346354166667 0.36117838541666664 0.9178346354166667 0.2639934895833333 0.7968789062499999 0.2639934895833333 0.7968789062499999 0.36117838541666664
5 0.8020872395833333 0.5048294270833333 0.9486002604166666 0.5048294270833333 0.9486002604166666 0.3950716145833333 0.8020872395833333 0.3950716145833333 0.8020872395833333 0.5048294270833333
5 0.4444505208333333 0.45431380208333333 0.6180598958333332 0.45431380208333333 0.6180598958333332 0.31347265625 0.4444505208333333 0.31347265625 0.4444505208333333 0.45431380208333333
5 0.3368111979166667 0.5679713541666667 0.51313671875 0.5679713541666667 0.51313671875 0.48969010416666664 0.3368111979166667 0.48969010416666664 0.3368111979166667 0.5679713541666667
3 0.15104687499999997 0.6429518229166666 0.37350520833333334 0.6429518229166666 0.37350520833333334 0.53158984375 0.15104687499999997 0.53158984375 0.15104687499999997 0.6429518229166666
3 0.26302604166666665 0.5308736979166666 0.46501562499999993 0.5308736979166666 0.46501562499999993 0.3874856770833333 0.26302604166666665 0.3874856770833333 0.26302604166666665 0.5308736979166666
3 0.45401171875 0.5940182291666666 0.6259466145833333 0.5940182291666666 0.6259466145833333 0.45062760416666664 0.45401171875 0.45062760416666664 0.45401171875 0.5940182291666666
5 0.35938151041666666 0.7581888020833334 0.48316015625 0.7581888020833334 0.48316015625 0.6138216145833333 0.35938151041666666 0.6138216145833333 0.35938151041666666 0.7581888020833334
3 0.5185546875 0.7337213541666666 0.6298932291666667 0.7337213541666666 0.6298932291666667 0.5573984375000001 0.5185546875 0.5573984375000001 0.5185546875 0.7337213541666666
3 0.68129296875 0.5750755208333332 0.8476236979166666 0.5750755208333332 0.8476236979166666 0.3725026041666667 0.68129296875 0.3725026041666667 0.68129296875 0.5750755208333332