7 0.2727057291666667 0.42146484375000004 0.17969531249999998 0.42146484375000004 0.17969531249999998 0.5495716145833333 0.2727057291666667 0.5495716145833333 0.2727057291666667 0.42146484375000004
6 0.33893229166666666 0.4180989583333333 0.33893229166666666 0.21875 0.18979166666666664 0.21875 0.18979166666666664 0.4180989583333333 0.33893229166666666 0.4180989583333333
7 0.4202330729166667 0.28012890625 0.32910546875 0.28012890625 0.32910546875 0.39587109374999996 0.4202330729166667 0.39587109374999996 0.4202330729166667 0.28012890625
7 0.5026093749999999 0.26734244791666667 0.40246354166666665 0.26734244791666667 0.40246354166666665 0.38349609375 0.5026093749999999 0.38349609375 0.5026093749999999 0.26734244791666667
6 0.6224075520833333 0.38512109375 0.4468841145833332 0.38512109375 0.4468841145833332 0.5954361979166667 0.6224075520833333 0.5954361979166667 0.6224075520833333 0.38512109375
6 0.5233385416666666 0.41204166666666664 0.35939062499999996 0.41204166666666664 0.35939062499999996 0.5954375 0.5233385416666666 0.5954375 0.5233385416666666 0.41204166666666664
8 0.6428671874999999 0.6213489583333333 0.5835078125 0.6213489583333333 0.5835078125 0.697859375 0.6428671874999999 0.697859375 0.6428671874999999 0.6213489583333333
8 0.59494921875 0.609234375 0.5289934895833333 0.609234375 0.5289934895833333 0.6876354166666666 0.59494921875 0.6876354166666666 0.59494921875 0.609234375
6 0.17161979166666666 0.2545546875 0.011171874999999994 0.2545546875 0.011171874999999994 0.46127343749999994 0.17161979166666666 0.46127343749999994 0.17161979166666666 0.2545546875
6 0.15614192708333335 0.434390625 0.008076822916666662 0.434390625 0.008076822916666662 0.6480729166666667 0.15614192708333335 0.6480729166666667 0.15614192708333335 0.434390625
7 0.7685885416666666 0.45915364583333335 0.6614427083333333 0.45915364583333335 0.6614427083333333 0.5969348958333333 0.7685885416666666 0.5969348958333333 0.7685885416666666 0.45915364583333335
7 0.8574244791666666 0.4894375 0.7626640625000001 0.4894375 0.7626640625000001 0.6152291666666667 0.8574244791666666 0.6152291666666667 0.8574244791666666 0.4894375
6 0.8389843749999999 0.25914453125 0.6819010416666667 0.25914453125 0.6819010416666667 0.4733971354166666 0.8389843749999999 0.4733971354166666 0.8389843749999999 0.25914453125
6 0.9287669270833334 0.27407291666666667 0.7825872395833333 0.27407291666666667 0.7825872395833333 0.5028072916666666 0.9287669270833334 0.5028072916666666 0.9287669270833334 0.27407291666666667
6 0.99973828125 0.29156901041666666 0.8655013020833333 0.29156901041666666 0.8655013020833333 0.5162591145833333 0.99973828125 0.5162591145833333 0.99973828125 0.29156901041666666
6 0.9987604166666666 0.48943880208333335 0.8961927083333332 0.48943880208333335 0.8961927083333332 0.7504778645833333 0.9987604166666666 0.7504778645833333 0.9987604166666666 0.48943880208333335