4 0.3125 0.5640625 0.203125 0.5640625 0.203125 0.6895104166666666 0.3125 0.6895104166666666 0.3125 0.5640625
4 0.3885416666666667 0.60833203125 0.3059895833333333 0.60833203125 0.3059895833333333 0.71555859375 0.3885416666666667 0.71555859375 0.3885416666666667 0.60833203125
4 0.5635416666666666 0.6434908854166667 0.45572916666666663 0.6434908854166667 0.45572916666666663 0.7530716145833333 0.5635416666666666 0.7530716145833333 0.5635416666666666 0.6434908854166667
4 0.70625 0.65390625 0.5885416666666666 0.65390625 0.5885416666666666 0.7634895833333333 0.70625 0.7634895833333333 0.70625 0.65390625
4 0.9395833333333332 0.4247395833333333 0.828125 0.4247395833333333 0.828125 0.5373802083333332 0.9395833333333332 0.5373802083333332 0.9395833333333332 0.4247395833333333
4 0.615625 0.27369921875 0.5013020833333333 0.27369921875 0.5013020833333333 0.37170703125 0.615625 0.37170703125 0.615625 0.27369921875
4 0.8822916666666666 0.5536458333333333 0.7643229166666666 0.5536458333333333 0.7643229166666666 0.6707552083333332 0.8822916666666666 0.6707552083333332 0.8822916666666666 0.5536458333333333
3 0.19895833333333332 0.46770963541666666 0.04817708333333333 0.46770963541666666 0.04817708333333333 0.6509570312499999 0.19895833333333332 0.6509570312499999 0.19895833333333332 0.46770963541666666
3 0.9333333333333332 0.23984505208333334 0.8020833333333333 0.23984505208333334 0.8020833333333333 0.42276432291666666 0.9333333333333332 0.42276432291666666 0.9333333333333332 0.23984505208333334
3 0.6572916666666666 0.4627604166666666 0.4971354166666666 0.4627604166666666 0.4971354166666666 0.6353281249999999 0.6572916666666666 0.6353281249999999 0.6572916666666666 0.4627604166666666
3 0.5520833333333333 0.42864453124999996 0.3515625 0.42864453124999996 0.3515625 0.60927734375 0.5520833333333333 0.60927734375 0.5520833333333333 0.42864453124999996
3 0.70703125 0.78125 0.846875 0.78125 0.846875 0.60703125 0.70703125 0.60703125 0.70703125 0.78125
3 0.8479166666666667 0.32578125 0.7096354166666666 0.32578125 0.7096354166666666 0.5342552083333333 0.8479166666666667 0.5342552083333333 0.8479166666666667 0.32578125
5 0.14791666666666664 0.33489713541666666 0.006510416666666666 0.33489713541666666 0.006510416666666666 0.47382161458333333 0.14791666666666664 0.47382161458333333 0.14791666666666664 0.33489713541666666
5 0.6208333333333333 0.34791796875 0.5325520833333333 0.34791796875 0.5325520833333333 0.44151953125 0.6208333333333333 0.44151953125 0.6208333333333333 0.34791796875