10 0.12246744791666667 0.4521236979166666 0.036865885416666674 0.4521236979166666 0.036865885416666674 0.6165377604166666 0.12246744791666667 0.6165377604166666 0.12246744791666667 0.4521236979166666
10 0.23217447916666661 0.5785403645833334 0.12239322916666666 0.5785403645833334 0.12239322916666666 0.6542356770833333 0.23217447916666661 0.6542356770833333 0.23217447916666661 0.5785403645833334
11 0.3274010416666666 0.51808984375 0.2529947916666666 0.51808984375 0.2529947916666666 0.5893111979166666 0.3274010416666666 0.5893111979166666 0.3274010416666666 0.51808984375
9 0.37755208333333334 0.5688372395833333 0.226875 0.5688372395833333 0.226875 0.6904492187499999 0.37755208333333334 0.6904492187499999 0.37755208333333334 0.5688372395833333
11 0.4191940104166666 0.6740664062499999 0.33919140625 0.6740664062499999 0.33919140625 0.7465638020833333 0.4191940104166666 0.7465638020833333 0.4191940104166666 0.6740664062499999
10 0.7638359375 0.6212591145833334 0.6200234375000001 0.6212591145833334 0.6200234375000001 0.7785481770833333 0.7638359375 0.7785481770833333 0.7638359375 0.6212591145833334
9 0.6259192708333334 0.6150651041666666 0.41494010416666666 0.6150651041666666 0.41494010416666666 0.7319453125 0.6259192708333334 0.7319453125 0.6259192708333334 0.6150651041666666
10 0.7301184895833333 0.32273697916666666 0.6417408854166666 0.32273697916666666 0.6417408854166666 0.43102864583333333 0.7301184895833333 0.43102864583333333 0.7301184895833333 0.32273697916666666
10 0.9314973958333332 0.5443020833333333 0.8684140625 0.5443020833333333 0.8684140625 0.6477447916666667 0.9314973958333332 0.6477447916666667 0.9314973958333332 0.5443020833333333
11 0.8881783854166667 0.25814322916666665 0.8311861979166665 0.25814322916666665 0.8311861979166665 0.3360390625 0.8881783854166667 0.3360390625 0.8881783854166667 0.25814322916666665
9 0.8979244791666666 0.3461354166666667 0.8156171874999998 0.3461354166666667 0.8156171874999998 0.5552135416666666 0.8979244791666666 0.5552135416666666 0.8979244791666666 0.3461354166666667
11 0.4604010416666666 0.25340625 0.39664062499999997 0.25340625 0.39664062499999997 0.32357812499999994 0.4604010416666666 0.32357812499999994 0.4604010416666666 0.25340625
9 0.6499218749999999 0.28183203125 0.462296875 0.28183203125 0.462296875 0.42152734374999995 0.6499218749999999 0.42152734374999995 0.6499218749999999 0.28183203125
10 0.52862890625 0.3637356770833333 0.29903776041666663 0.3637356770833333 0.29903776041666663 0.48809244791666667 0.52862890625 0.48809244791666667 0.52862890625 0.3637356770833333
10 0.3045885416666666 0.22430078125000003 0.17733854166666668 0.22430078125000003 0.17733854166666668 0.34818880208333336 0.3045885416666666 0.34818880208333336 0.3045885416666666 0.22430078125000003
9 0.42100781249999997 0.22480208333333335 0.25855989583333333 0.22480208333333335 0.25855989583333333 0.39080729166666667 0.42100781249999997 0.39080729166666667 0.42100781249999997 0.22480208333333335
9 0.27277604166666664 0.32176953125 0.14593229166666666 0.32176953125 0.14593229166666666 0.49051692708333333 0.27277604166666664 0.49051692708333333 0.27277604166666664 0.32176953125
11 0.18181901041666665 0.5156510416666666 0.1287591145833333 0.5156510416666666 0.1287591145833333 0.5724322916666666 0.18181901041666665 0.5724322916666666 0.18181901041666665 0.5156510416666666