10 0.04674869791666666 0.44125781249999996 0.27988151041666665 0.44125781249999996 0.27988151041666665 0.23120572916666665 0.04674869791666666 0.23120572916666665 0.04674869791666666 0.44125781249999996
10 0.30202473958333337 0.4314205729166666 0.4705690104166667 0.4314205729166666 0.4705690104166667 0.3150169270833333 0.30202473958333337 0.3150169270833333 0.30202473958333337 0.4314205729166666
9 0.18761197916666666 0.5506848958333332 0.3306276041666666 0.5506848958333332 0.3306276041666666 0.4072838541666666 0.18761197916666666 0.4072838541666666 0.18761197916666666 0.5506848958333332
11 0.08657942708333333 0.6170781249999999 0.18699869791666668 0.6170781249999999 0.18699869791666668 0.5361510416666666 0.08657942708333333 0.5361510416666666 0.08657942708333333 0.6170781249999999
11 0.23451692708333333 0.64770703125 0.3147903645833333 0.64770703125 0.3147903645833333 0.5310794270833333 0.23451692708333333 0.5310794270833333 0.23451692708333333 0.64770703125
10 0.5107057291666666 0.7337721354166666 0.6566432291666666 0.7337721354166666 0.6566432291666666 0.6356497395833334 0.5107057291666666 0.6356497395833334 0.5107057291666666 0.7337721354166666
9 0.3214010416666666 0.72639453125 0.5273125000000001 0.72639453125 0.5273125000000001 0.5987408854166667 0.3214010416666666 0.5987408854166667 0.3214010416666666 0.72639453125
10 0.43381640624999995 0.5505742187499999 0.55976171875 0.5505742187499999 0.55976171875 0.40113411458333326 0.43381640624999995 0.40113411458333326 0.43381640624999995 0.5505742187499999
11 0.8114999999999999 0.6366393229166667 0.9211458333333333 0.6366393229166667 0.9211458333333333 0.5387669270833333 0.8114999999999999 0.5387669270833333 0.8114999999999999 0.6366393229166667
10 0.7278450520833333 0.4900169270833333 0.8665559895833332 0.4900169270833333 0.8665559895833332 0.3719153645833333 0.7278450520833333 0.3719153645833333 0.7278450520833333 0.4900169270833333
9 0.5882109375 0.44181901041666666 0.7321484375 0.44181901041666666 0.7321484375 0.23735807291666666 0.5882109375 0.23735807291666666 0.5882109375 0.44181901041666666
9 0.5551484375 0.6257330729166666 0.8084244791666666 0.6257330729166666 0.8084244791666666 0.47110546875 0.5551484375 0.47110546875 0.5551484375 0.6257330729166666