10 0.2518567708333333 0.41727083333333326 0.10370572916666665 0.41727083333333326 0.10370572916666665 0.5731302083333333 0.2518567708333333 0.5731302083333333 0.2518567708333333 0.41727083333333326
9 0.2757942708333333 0.5703932291666666 0.1631796875 0.5703932291666666 0.1631796875 0.7556901041666666 0.2757942708333333 0.7556901041666666 0.2757942708333333 0.5703932291666666
9 0.6346588541666667 0.5955481770833333 0.4053046875 0.5955481770833333 0.4053046875 0.7201080729166666 0.6346588541666667 0.7201080729166666 0.6346588541666667 0.5955481770833333
11 0.38737630208333335 0.5742630208333332 0.28056640625 0.5742630208333332 0.28056640625 0.6417265624999999 0.38737630208333335 0.6417265624999999 0.38737630208333335 0.5742630208333332
10 0.4802213541666666 0.40506380208333326 0.36571614583333334 0.40506380208333326 0.36571614583333334 0.5022278645833333 0.4802213541666666 0.5022278645833333 0.4802213541666666 0.40506380208333326
9 0.6694518229166666 0.41598177083333326 0.47488671875 0.41598177083333326 0.47488671875 0.5526588541666666 0.6694518229166666 0.5526588541666666 0.6694518229166666 0.41598177083333326
11 0.7834713541666667 0.49603906249999996 0.6938307291666665 0.49603906249999996 0.6938307291666665 0.6384869791666666 0.7834713541666667 0.6384869791666666 0.7834713541666667 0.49603906249999996
10 0.48175390625 0.2391484375 0.28751171875 0.2391484375 0.28751171875 0.40654947916666667 0.48175390625 0.40654947916666667 0.48175390625 0.2391484375
10 0.6775351562499999 0.2693802083333333 0.47475130208333327 0.2693802083333333 0.47475130208333327 0.414953125 0.6775351562499999 0.414953125 0.6775351562499999 0.2693802083333333
10 0.8136601562499999 0.28120963541666666 0.6988242187499999 0.28120963541666666 0.6988242187499999 0.4166184895833333 0.8136601562499999 0.4166184895833333 0.8136601562499999 0.28120963541666666
10 0.9304570312499999 0.4687747395833333 0.8101575520833333 0.4687747395833333 0.8101575520833333 0.6320221354166666 0.9304570312499999 0.6320221354166666 0.9304570312499999 0.4687747395833333
10 0.9768111979166665 0.6257213541666666 0.8217825520833333 0.6257213541666666 0.8217825520833333 0.7100703125 0.9768111979166665 0.7100703125 0.9768111979166665 0.6257213541666666
11 0.9726093749999999 0.3827421875 0.8884427083333332 0.3827421875 0.8884427083333332 0.4570182291666667 0.9726093749999999 0.4570182291666667 0.9726093749999999 0.3827421875