10 0.5641484374999999 0.4780052083333334 0.4209817708333333 0.4780052083333334 0.4209817708333333 0.598921875 0.5641484374999999 0.598921875 0.5641484374999999 0.4780052083333334
9 0.51059375 0.5438828124999999 0.399984375 0.5438828124999999 0.399984375 0.7742473958333334 0.51059375 0.7742473958333334 0.51059375 0.5438828124999999
10 0.4965963541666666 0.3842760416666667 0.41763281249999995 0.3842760416666667 0.41763281249999995 0.48836458333333327 0.4965963541666666 0.48836458333333327 0.4965963541666666 0.3842760416666667
9 0.2543841145833333 0.47678645833333333 0.09432942708333332 0.47678645833333333 0.09432942708333332 0.57290625 0.2543841145833333 0.57290625 0.2543841145833333 0.47678645833333333
9 0.31432812499999996 0.3286041666666667 0.08413541666666664 0.3286041666666667 0.08413541666666664 0.4232864583333333 0.31432812499999996 0.4232864583333333 0.31432812499999996 0.3286041666666667
9 0.16590364583333334 0.47801953125 0.19870260416666669 0.49017057291666666 0.2507994791666667 0.5000609375 0.2892533854166667 0.5026041666666666 0.32318333333333327 0.5034518229166667 0.33618984375 0.4983653645833333 0.3214869791666667 0.46219479166666666 0.31215625 0.44608749999999997 0.2884052083333334 0.44778307291666664 0.24825468749999996 0.4491958333333333 0.21177994791666666 0.4424140625 0.18661510416666666 0.43195833333333333 0.15947109375 0.4161338541666666 0.1354372395833333 0.4065260416666666 0.12412734374999998 0.39324453125 0.10998984374999998 0.38250624999999994 0.09754869791666666 0.39013619791666665 0.09104557291666666 0.4059606770833334 0.0936609375 0.4061427083333333 0.10907083333333331 0.42969765624999995 0.13480104166666665 0.45936901041666667 0.16590364583333334 0.47801953125
11 0.09896223958333332 0.3340416666666667 0.027214843749999995 0.3340416666666667 0.027214843749999995 0.39582291666666664 0.09896223958333332 0.39582291666666664 0.09896223958333332 0.3340416666666667
11 0.38171354166666666 0.38811588541666664 0.32919270833333336 0.38811588541666664 0.32919270833333336 0.4383736979166667 0.38171354166666666 0.4383736979166667 0.38171354166666666 0.38811588541666664
9 0.47054557291666665 0.24634635416666667 0.23935546875 0.24634635416666667 0.23935546875 0.3145234375 0.47054557291666665 0.3145234375 0.47054557291666665 0.24634635416666667
9 0.7838164062499999 0.23747395833333335 0.5515013020833333 0.23747395833333335 0.5515013020833333 0.35183333333333333 0.7838164062499999 0.35183333333333333 0.7838164062499999 0.23747395833333335
10 0.9912135416666666 0.4138958333333333 0.868578125 0.4138958333333333 0.868578125 0.4962604166666666 0.9912135416666666 0.4962604166666666 0.9912135416666666 0.4138958333333333
9 0.8778697916666666 0.37927213541666666 0.6556927083333333 0.37927213541666666 0.6556927083333333 0.4973841145833333 0.8778697916666666 0.4973841145833333 0.8778697916666666 0.37927213541666666
10 0.7221484374999999 0.6699322916666667 0.5737473958333333 0.6699322916666667 0.5737473958333333 0.768 0.7221484374999999 0.768 0.7221484374999999 0.6699322916666667
9 0.72608984375 0.5202122395833333 0.63034765625 0.5202122395833333 0.63034765625 0.7168919270833334 0.72608984375 0.7168919270833334 0.72608984375 0.5202122395833333