9 0.2970065104166667 0.2542109375 0.15594140624999997 0.2542109375 0.15594140624999997 0.4009192708333333 0.2970065104166667 0.4009192708333333 0.2970065104166667 0.2542109375
9 0.36173046875 0.4009205729166666 0.16572786458333333 0.4009205729166666 0.16572786458333333 0.5197513020833333 0.36173046875 0.5197513020833333 0.36173046875 0.4009205729166666
10 0.142109375 0.78125 0.25890104166666666 0.78125 0.25890104166666666 0.6619101562499999 0.142109375 0.6619101562499999 0.142109375 0.78125
10 0.4675611979166666 0.5477265625 0.35690234375 0.5477265625 0.35690234375 0.7521276041666667 0.4675611979166666 0.7521276041666667 0.4675611979166666 0.5477265625
9 0.6665677083333332 0.43860416666666663 0.41040625 0.43860416666666663 0.41040625 0.5633854166666665 0.6665677083333332 0.5633854166666665 0.6665677083333332 0.43860416666666663
10 0.5882695312499999 0.6077526041666667 0.4665169270833333 0.6077526041666667 0.4665169270833333 0.7364765625 0.5882695312499999 0.7364765625 0.5882695312499999 0.6077526041666667
9 0.77044140625 0.5451315104166666 0.5441627604166667 0.5451315104166666 0.5441627604166667 0.6410143229166667 0.77044140625 0.6410143229166667 0.77044140625 0.5451315104166666
9 0.9086328124999999 0.30190104166666665 0.8227682291666666 0.30190104166666665 0.8227682291666666 0.5177135416666666 0.9086328124999999 0.5177135416666666 0.9086328124999999 0.30190104166666665
11 0.8887981770833331 0.22148958333333332 0.8208111979166667 0.22148958333333332 0.8208111979166667 0.30359375 0.8887981770833331 0.30359375 0.8887981770833331 0.22148958333333332
10 0.5753502604166667 0.21915234374999998 0.3601653645833333 0.21915234374999998 0.3601653645833333 0.39071223958333334 0.5753502604166667 0.39071223958333334 0.5753502604166667 0.21915234374999998
10 0.9072916666666666 0.5145846354166667 0.8229166666666666 0.5145846354166667 0.8229166666666666 0.6171184895833333 0.9072916666666666 0.6171184895833333 0.9072916666666666 0.5145846354166667