10 0.37267838541666665 0.6188111979166666 0.5047434895833334 0.6188111979166666 0.5047434895833334 0.5330533854166666 0.37267838541666665 0.5330533854166666 0.37267838541666665 0.6188111979166666
9 0.4315338541666667 0.7562252604166667 0.5306744791666667 0.7562252604166667 0.5306744791666667 0.5983007812500001 0.4315338541666667 0.5983007812500001 0.4315338541666667 0.7562252604166667
11 0.5252473958333332 0.6723307291666666 0.5781953124999999 0.6723307291666666 0.5781953124999999 0.6005963541666667 0.5252473958333332 0.6005963541666667 0.5252473958333332 0.6723307291666666
10 0.7345013020833333 0.6804205729166666 0.6170299479166667 0.6804205729166666 0.6170299479166667 0.78125 0.7345013020833333 0.78125 0.7345013020833333 0.6804205729166666
10 0.20865234375 0.6552096354166667 0.33155078125 0.6552096354166667 0.33155078125 0.5656184895833333 0.20865234375 0.5656184895833333 0.20865234375 0.6552096354166667
10 0.037268229166666667 0.7357291666666667 0.15739322916666665 0.7357291666666667 0.15739322916666665 0.5258229166666666 0.037268229166666667 0.5258229166666666 0.037268229166666667 0.7357291666666667
9 0.08261588541666667 0.5782513020833333 0.3185247395833333 0.5782513020833333 0.3185247395833333 0.46309765625 0.08261588541666667 0.46309765625 0.08261588541666667 0.5782513020833333
10 0.18513281249999997 0.3779609375 0.2767942708333333 0.3779609375 0.2767942708333333 0.2429921875 0.18513281249999997 0.2429921875 0.18513281249999997 0.3779609375
9 0.23397916666666668 0.5349153645833333 0.39547395833333326 0.5349153645833333 0.39547395833333326 0.35756901041666667 0.23397916666666668 0.35756901041666667 0.23397916666666668 0.5349153645833333
11 0.34976171875 0.33482682291666666 0.43539453124999994 0.33482682291666666 0.43539453124999994 0.24902213541666668 0.34976171875 0.24902213541666668 0.34976171875 0.33482682291666666
9 0.38654817708333333 0.47416796874999995 0.5299518229166666 0.47416796874999995 0.5299518229166666 0.3292278645833333 0.38654817708333333 0.3292278645833333 0.38654817708333333 0.47416796874999995
10 0.5498528645833333 0.4987552083333333 0.6511627604166665 0.4987552083333333 0.6511627604166665 0.24998958333333335 0.5498528645833333 0.24998958333333335 0.5498528645833333 0.4987552083333333
9 0.5370677083333332 0.6589075520833333 0.6325885416666666 0.6589075520833333 0.6325885416666666 0.47395703125 0.5370677083333332 0.47395703125 0.5370677083333332 0.6589075520833333
10 0.8746484374999998 0.6370169270833334 0.9514765624999999 0.6370169270833334 0.9514765624999999 0.5437799479166667 0.8746484374999998 0.5437799479166667 0.8746484374999998 0.6370169270833334
11 0.8098828124999999 0.33218619791666665 0.8554713541666666 0.33218619791666665 0.8554713541666666 0.2713346354166667 0.8098828124999999 0.2713346354166667 0.8098828124999999 0.33218619791666665
9 0.8074700520833332 0.56120703125 0.9041966145833333 0.56120703125 0.9041966145833333 0.33525651041666665 0.8074700520833332 0.33525651041666665 0.8074700520833332 0.56120703125