10 0.27517317708333333 0.2588111979166666 0.19702994791666667 0.2588111979166666 0.19702994791666667 0.3775481770833333 0.27517317708333333 0.3775481770833333 0.27517317708333333 0.2588111979166666
9 0.15701276041666665 0.42728020833333336 0.14118489583333332 0.47030677083333333 0.12662317708333332 0.5133330729166666 0.11332786458333333 0.5462356770833333 0.09749973958333333 0.5753419270833333 0.13422057291666667 0.5860984374999999 0.14814921875 0.57850546875 0.18613619791666666 0.55193046875 0.2019640625 0.5291515625 0.21715885416666664 0.5019437499999999 0.23045442708333336 0.47410312499999996 0.24438281249999996 0.44246588541666665 0.2538796875 0.39627578124999996 0.2532466145833333 0.37223151041666663 0.22159062499999999 0.36906796875 0.18423697916666665 0.3576786458333333 0.17727265625 0.37159895833333334 0.1658765625 0.3988067708333333 0.15701276041666665 0.42728020833333336
11 0.14306640625 0.5860690104166666 0.07329817708333333 0.5860690104166666 0.07329817708333333 0.6647955729166666 0.14306640625 0.6647955729166666 0.14306640625 0.5860690104166666
10 0.1034453125 0.5299166666666666 0.0018046875000000018 0.5299166666666666 0.0018046875000000018 0.7687031249999998 0.1034453125 0.7687031249999998 0.1034453125 0.5299166666666666
10 0.5288658854166666 0.5177747395833332 0.43439453125 0.5177747395833332 0.43439453125 0.59854296875 0.5288658854166666 0.59854296875 0.5288658854166666 0.5177747395833332
10 0.456234375 0.47259635416666673 0.3783958333333333 0.47259635416666673 0.3783958333333333 0.5820338541666666 0.456234375 0.5820338541666666 0.456234375 0.47259635416666673
10 0.49966015624999993 0.2614140625 0.3912200520833333 0.2614140625 0.3912200520833333 0.43963802083333337 0.49966015624999993 0.43963802083333337 0.49966015624999993 0.2614140625
9 0.4130611979166666 0.22847135416666667 0.28951171875000004 0.22847135416666667 0.28951171875000004 0.4683880208333333 0.4130611979166666 0.4683880208333333 0.4130611979166666 0.22847135416666667
9 0.3885533854166667 0.47410546875000004 0.1865299479166667 0.47410546875000004 0.1865299479166667 0.5817643229166667 0.3885533854166667 0.5817643229166667 0.3885533854166667 0.47410546875000004
11 0.6567330729166667 0.5007682291666666 0.5894335937499999 0.5007682291666666 0.5894335937499999 0.5522057291666667 0.6567330729166667 0.5522057291666667 0.6567330729166667 0.5007682291666666
11 0.7288567708333333 0.47403515625 0.6442890625000001 0.47403515625 0.6442890625000001 0.5306106770833333 0.7288567708333333 0.5306106770833333 0.7288567708333333 0.47403515625
9 0.51832578125 0.68317109375 0.5432135416666666 0.65931328125 0.5635302083333333 0.641546875 0.58841796875 0.6004299479166667 0.6031473958333333 0.5786026041666666 0.6072106770833333 0.5643895833333333 0.5970523437499999 0.5461153645833333 0.58079921875 0.54002421875 0.5686091145833332 0.5501763020833332 0.5538796875 0.5628666666666666 0.5396580729166666 0.57555703125 0.5208653645833333 0.5928158854166666 0.49496171874999995 0.6100747395833332 0.46550286458333334 0.6278411458333333 0.4431546875 0.6511914062499999 0.42791718749999996 0.6704807291666667 0.4253776041666667 0.6848877604166667 0.4406151041666666 0.7009375 0.4807401041666666 0.7080440104166665 0.51832578125 0.68317109375
10 0.9165299479166666 0.5520911458333333 0.8027565104166665 0.5520911458333333 0.8027565104166665 0.6521223958333333 0.9165299479166666 0.6521223958333333 0.9165299479166666 0.5520911458333333
11 0.6595247395833332 0.21887630208333336 0.6018763020833333 0.21887630208333336 0.6018763020833333 0.28446223958333333 0.6595247395833332 0.28446223958333333 0.6595247395833332 0.21887630208333336
11 0.78396484375 0.24935286458333333 0.7275872395833333 0.24935286458333333 0.7275872395833333 0.32507421875 0.78396484375 0.32507421875 0.78396484375 0.24935286458333333
9 0.7336796874999999 0.28173046875 0.6266380208333333 0.28173046875 0.6266380208333333 0.48091015624999994 0.7336796874999999 0.48091015624999994 0.7336796874999999 0.28173046875
9 0.8479622395833333 0.31982421875 0.7294908854166666 0.31982421875 0.7294908854166666 0.5712643229166666 0.8479622395833333 0.5712643229166666 0.8479622395833333 0.31982421875
9 0.6522877604166666 0.43321354166666665 0.38969661458333327 0.43321354166666665 0.38969661458333327 0.49819791666666663 0.6522877604166666 0.49819791666666663 0.6522877604166666 0.43321354166666665