4 0.16059635416666668 0.5774427083333332 0.28436197916666667 0.5774427083333332 0.28436197916666667 0.4514947916666666 0.16059635416666668 0.4514947916666666 0.16059635416666668 0.5774427083333332
4 0.4887213541666666 0.4061692708333333 0.6014921875 0.4061692708333333 0.6014921875 0.2943776041666667 0.4887213541666666 0.2943776041666667 0.4887213541666666 0.4061692708333333
4 0.7968802083333333 0.4361614583333333 0.9020572916666666 0.4361614583333333 0.9020572916666666 0.2952447916666666 0.7968802083333333 0.2952447916666666 0.7968802083333333 0.4361614583333333
4 0.8046940104166665 0.7258281249999999 0.8744466145833332 0.7258281249999999 0.8744466145833332 0.61121875 0.8046940104166665 0.61121875 0.8046940104166665 0.7258281249999999
4 0.8654570312499998 0.7794986979166667 0.9415013020833334 0.7794986979166667 0.9415013020833334 0.66416796875 0.8654570312499998 0.66416796875 0.8654570312499998 0.7794986979166667
5 0.9244843750000001 0.58517578125 0.9244843750000001 0.78125 1 0.78125 1 0.58517578125 0.9244843750000001 0.58517578125
5 0.34375520833333334 0.74713671875 0.468171875 0.74713671875 0.468171875 0.5218059895833334 0.34375520833333334 0.5218059895833334 0.34375520833333334 0.74713671875
5 0.6397630208333334 0.7731848958333334 0.7995026041666666 0.7731848958333334 0.7995026041666666 0.5964609375000001 0.6397630208333334 0.5964609375000001 0.6397630208333334 0.7731848958333334
5 0.49219270833333334 0.31855859375 0.6922135416666666 0.31855859375 0.6922135416666666 0.23361328124999997 0.49219270833333334 0.23361328124999997 0.49219270833333334 0.31855859375
5 0.8993111979166667 0.25965364583333334 0.8993111979166667 0.4385286458333333 1 0.4385286458333333 1 0.25965364583333334 0.8993111979166667 0.25965364583333334
3 0.7152838541666666 0.6098020833333333 0.8602473958333332 0.6098020833333333 0.8602473958333332 0.4358697916666666 0.7152838541666666 0.4358697916666666 0.7152838541666666 0.6098020833333333
3 0.41667317708333335 0.5995416666666666 0.5525820312499999 0.5995416666666666 0.5525820312499999 0.386390625 0.41667317708333335 0.386390625 0.41667317708333335 0.5995416666666666
3 0.26910156249999995 0.47404557291666666 0.4697473958333333 0.47404557291666666 0.4697473958333333 0.3386471354166667 0.26910156249999995 0.3386471354166667 0.26910156249999995 0.47404557291666666
3 0.3298658854166666 0.32644921875 0.5257591145833332 0.32644921875 0.5257591145833332 0.21875 0.3298658854166666 0.21875 0.3298658854166666 0.32644921875
3 0.2263489583333333 0.6982031249999999 0.40584895833333334 0.6982031249999999 0.40584895833333334 0.5174687499999999 0.2263489583333333 0.5174687499999999 0.2263489583333333 0.6982031249999999
3 0.8219114583333333 0.590859375 0.9620104166666665 0.590859375 0.9620104166666665 0.3979895833333333 0.8219114583333333 0.3979895833333333 0.8219114583333333 0.590859375