4 0.18101822916666663 0.5929895833333333 0.03820052083333333 0.5929895833333333 0.03820052083333333 0.7084635416666666 0.18101822916666663 0.7084635416666666 0.18101822916666663 0.5929895833333333
4 0.4145260416666667 0.5955937499999999 0.29167187499999997 0.5955937499999999 0.29167187499999997 0.6997812499999999 0.4145260416666667 0.6997812499999999 0.4145260416666667 0.5955937499999999
4 0.16129557291666666 0.37250260416666664 0.06684505208333331 0.37250260416666664 0.06684505208333331 0.4701015625 0.16129557291666666 0.4701015625 0.16129557291666666 0.37250260416666664
4 0.28120572916666664 0.2605234375 0.18663802083333333 0.2605234375 0.18663802083333333 0.3627578125 0.28120572916666664 0.3627578125 0.28120572916666664 0.2605234375
4 0.6646041666666667 0.21875 0.5416718749999999 0.21875 0.5416718749999999 0.30750651041666666 0.6646041666666667 0.30750651041666666 0.6646041666666667 0.21875
5 0.9462343749999998 0.44194531249999996 0.8072968750000001 0.44194531249999996 0.8072968750000001 0.5695494791666667 0.9462343749999998 0.5695494791666667 0.9462343749999998 0.44194531249999996
5 1 0.78125 1 0.5825716145833333 0.9097278645833333 0.5825716145833333 0.9097278645833333 0.78125 1 0.78125
5 0.70246875 0.39672265624999997 0.5338593749999999 0.39672265624999997 0.5338593749999999 0.5316627604166666 0.70246875 0.5316627604166666 0.70246875 0.39672265624999997
5 0.3940143229166666 0.49923697916666665 0.29601171875 0.49923697916666665 0.29601171875 0.6090130208333333 0.3940143229166666 0.6090130208333333 0.3940143229166666 0.49923697916666665
3 0.5588919270833334 0.48218880208333326 0.3941028645833333 0.48218880208333326 0.3941028645833333 0.6382174479166667 0.5588919270833334 0.6382174479166667 0.5588919270833334 0.48218880208333326
3 0.8279010416666666 0.5495859375 0.6579895833333332 0.5495859375 0.6579895833333332 0.7368776041666667 0.8279010416666666 0.7368776041666667 0.8279010416666666 0.5495859375
3 0.48789322916666666 0.23621614583333334 0.31163802083333325 0.23621614583333334 0.31163802083333325 0.38643489583333335 0.48789322916666666 0.38643489583333335 0.48789322916666666 0.23621614583333334
3 0.3900716145833333 0.35166796875 0.18663671874999999 0.35166796875 0.18663671874999999 0.4582591145833333 0.3900716145833333 0.4582591145833333 0.3900716145833333 0.35166796875
3 0.31828255208333334 0.4764296874999999 0.14323307291666665 0.4764296874999999 0.14323307291666665 0.6232213541666666 0.31828255208333334 0.6232213541666666 0.31828255208333334 0.4764296874999999
5 0.6953684895833332 0.34212109375 0.49913671875 0.34212109375 0.49913671875 0.4677330729166666 0.6953684895833332 0.4677330729166666 0.6953684895833332 0.34212109375