9 0.29199375 0.43018671875000003 0.3488421875 0.4433861979166666 0.42464010416666664 0.4577333333333334 0.4562223958333333 0.45888124999999996 0.4912502604166667 0.45601171874999996 0.4832111979166666 0.41526562499999997 0.4510544270833333 0.40206640625 0.4296932291666666 0.3800763020833333 0.3808841145833333 0.3559731770833333 0.32173880208333333 0.34621692708333335 0.25110911458333335 0.33473932291666664 0.21275078124999997 0.33090442708333334 0.2029888020833333 0.383128125 0.22538359375 0.4089528645833333 0.29199375 0.43018671875000003
10 0.22124999999999995 0.3271393229166667 0.09707291666666666 0.3271393229166667 0.09707291666666666 0.39870963541666665 0.22124999999999995 0.39870963541666665 0.22124999999999995 0.3271393229166667
9 0.41229427083333337 0.2834934895833333 0.16796093749999996 0.2834934895833333 0.16796093749999996 0.3459231770833333 0.41229427083333337 0.3459231770833333 0.41229427083333337 0.2834934895833333
10 0.5980559895833334 0.30215625 0.4737356770833333 0.30215625 0.4737356770833333 0.45098958333333333 0.5980559895833334 0.45098958333333333 0.5980559895833334 0.30215625
9 0.7245299479166666 0.21875130208333332 0.57063671875 0.21875130208333332 0.57063671875 0.3321966145833333 0.7245299479166666 0.3321966145833333 0.7245299479166666 0.21875130208333332
9 0.8680859375000001 0.3775221354166667 0.6359557291666667 0.3775221354166667 0.6359557291666667 0.53150390625 0.8680859375000001 0.53150390625 0.8680859375000001 0.3775221354166667
10 0.9625455729166665 0.43710026041666666 0.8543033854166666 0.43710026041666666 0.8543033854166666 0.5154361979166666 0.9625455729166665 0.5154361979166666 0.9625455729166665 0.43710026041666666
10 0.61772265625 0.51390234375 0.4586627604166666 0.51390234375 0.4586627604166666 0.5940820312499999 0.61772265625 0.5940820312499999 0.61772265625 0.51390234375
9 0.4415416666666666 0.47833984375 0.1753697916666667 0.47833984375 0.1753697916666667 0.5761861979166667 0.4415416666666666 0.5761861979166667 0.4415416666666666 0.47833984375
9 0.21053776041666664 0.5237473958333332 0.04539973958333333 0.5237473958333332 0.04539973958333333 0.6031276041666667 0.21053776041666664 0.6031276041666667 0.21053776041666664 0.5237473958333332
10 0.29345963541666664 0.5558450520833333 0.20030598958333332 0.5558450520833333 0.20030598958333332 0.6261653645833333 0.29345963541666664 0.6261653645833333 0.29345963541666664 0.5558450520833333
10 0.5944466145833334 0.6088958333333332 0.36708984375 0.6088958333333332 0.36708984375 0.739953125 0.5944466145833334 0.739953125 0.5944466145833334 0.6088958333333332