7 0.52352734375 0.6121822916666666 0.42709765624999996 0.6121822916666666 0.42709765624999996 0.735875 0.52352734375 0.735875 0.52352734375 0.6121822916666666
7 0.24225651041666668 0.78125 0.3492278645833333 0.78125 0.3492278645833333 0.6892708333333333 0.24225651041666668 0.6892708333333333 0.24225651041666668 0.78125
6 0.3876119791666667 0.4486588541666666 0.25090885416666664 0.4486588541666666 0.25090885416666664 0.6837578125 0.3876119791666667 0.6837578125 0.3876119791666667 0.4486588541666666
6 0.5260442708333333 0.37561979166666665 0.41954427083333334 0.37561979166666665 0.41954427083333334 0.6096666666666666 0.5260442708333333 0.6096666666666666 0.5260442708333333 0.37561979166666665
8 0.503390625 0.2758502604166667 0.4344895833333333 0.2758502604166667 0.4344895833333333 0.37121744791666667 0.503390625 0.37121744791666667 0.503390625 0.2758502604166667
6 0.7137148437499999 0.21875 0.5206966145833334 0.21875 0.5206966145833334 0.3819075520833333 0.7137148437499999 0.3819075520833333 0.7137148437499999 0.21875
7 0.9894804687499998 0.3243059895833333 0.86787890625 0.3243059895833333 0.86787890625 0.44856901041666664 0.9894804687499998 0.44856901041666664 0.9894804687499998 0.3243059895833333
6 0.9358372395833332 0.21875 0.66715234375 0.21875 0.66715234375 0.36516796874999996 0.9358372395833332 0.36516796874999996 0.9358372395833332 0.21875
7 0.3336549479166667 0.3172265625 0.23360546875 0.3172265625 0.23360546875 0.44600260416666665 0.3336549479166667 0.44600260416666665 0.3336549479166667 0.3172265625
6 0.35693619791666664 0.3316875 0.35693619791666664 0.21875 0.23517838541666664 0.21875 0.23517838541666664 0.3316875 0.35693619791666664 0.3316875
8 0.41042187499999994 0.35528645833333333 0.31540624999999994 0.35528645833333333 0.31540624999999994 0.46025520833333333 0.41042187499999994 0.46025520833333333 0.41042187499999994 0.35528645833333333