10 0.41884375 0.27129557291666667 0.21469791666666665 0.27129557291666667 0.21469791666666665 0.49067838541666664 0.41884375 0.49067838541666664 0.41884375 0.27129557291666667
11 0.22428906249999997 0.36758463541666664 0.15266927083333331 0.36758463541666664 0.15266927083333331 0.46685286458333336 0.22428906249999997 0.46685286458333336 0.22428906249999997 0.36758463541666664
9 0.34130859375 0.46669921875 0.20222786458333325 0.46669921875 0.20222786458333325 0.5942122395833334 0.34130859375 0.5942122395833334 0.34130859375 0.46669921875
10 0.4089309895833333 0.5789283854166667 0.28136067708333334 0.5789283854166667 0.28136067708333334 0.7368684895833333 0.4089309895833333 0.7368684895833333 0.4089309895833333 0.5789283854166667
10 0.6818190104166666 0.64491796875 0.5436966145833332 0.64491796875 0.5436966145833332 0.76084765625 0.6818190104166666 0.76084765625 0.6818190104166666 0.64491796875
11 0.40749348958333337 0.4762903645833333 0.30693880208333335 0.4762903645833333 0.30693880208333335 0.54202734375 0.40749348958333337 0.54202734375 0.40749348958333337 0.4762903645833333
9 0.5724713541666666 0.49067708333333326 0.39246614583333334 0.49067708333333326 0.39246614583333334 0.6794270833333333 0.5724713541666666 0.6794270833333333 0.5724713541666666 0.49067708333333326
10 0.5758294270833333 0.3020390625 0.4036549479166666 0.3020390625 0.4036549479166666 0.4855807291666666 0.5758294270833333 0.4855807291666666 0.5758294270833333 0.3020390625
10 0.6954075520833334 0.33923046874999996 0.58350390625 0.33923046874999996 0.58350390625 0.44911328125 0.6954075520833334 0.44911328125 0.6954075520833334 0.33923046874999996
10 0.7424062499999999 0.2261041666666667 0.6034843750000001 0.2261041666666667 0.6034843750000001 0.351328125 0.7424062499999999 0.351328125 0.7424062499999999 0.2261041666666667
9 0.9248111979166665 0.3124309895833333 0.73041796875 0.3124309895833333 0.73041796875 0.41140234375 0.9248111979166665 0.41140234375 0.9248111979166665 0.3124309895833333
11 0.9943515625 0.299640625 0.9088255208333333 0.299640625 0.9088255208333333 0.37944791666666666 0.9943515625 0.37944791666666666 0.9943515625 0.299640625
11 0.8295325520833332 0.6497044270833333 0.7561549479166667 0.6497044270833333 0.7561549479166667 0.7672434895833333 0.8295325520833332 0.7672434895833333 0.8295325520833332 0.6497044270833333
9 0.7802942708333334 0.44271874999999994 0.5803046875 0.44271874999999994 0.5803046875 0.6695156250000001 0.7802942708333334 0.6695156250000001 0.7802942708333334 0.44271874999999994