4 0.4153151041666666 0.4454192708333333 0.3289973958333333 0.4454192708333333 0.3289973958333333 0.5924401041666666 0.4153151041666666 0.5924401041666666 0.4153151041666666 0.4454192708333333
4 0.8160677083333333 0.2553151041666667 0.7057343749999999 0.2553151041666667 0.7057343749999999 0.3580234375 0.8160677083333333 0.3580234375 0.8160677083333333 0.2553151041666667
4 0.48394921874999997 0.5608697916666665 0.37326953124999995 0.5608697916666665 0.37326953124999995 0.6563697916666666 0.48394921874999997 0.6563697916666666 0.48394921874999997 0.5608697916666665
4 0.88864453125 0.34472395833333336 0.8012200520833332 0.34472395833333336 0.8012200520833332 0.4582604166666666 0.88864453125 0.4582604166666666 0.88864453125 0.34472395833333336
4 0.7924023437500001 0.6580911458333333 0.7144153645833333 0.6580911458333333 0.7144153645833333 0.7763411458333334 0.7924023437500001 0.7763411458333334 0.7924023437500001 0.6580911458333333
4 0.8784778645833333 0.6618958333333333 0.79555859375 0.6618958333333333 0.79555859375 0.7509739583333334 0.8784778645833333 0.7509739583333334 0.8784778645833333 0.6618958333333333
5 0.9253515624999998 0.78125 0.9998776041666666 0.78125 0.9998776041666666 0.5955924479166667 0.9253515624999998 0.5955924479166667 0.9253515624999998 0.78125
5 0.6590807291666666 0.519203125 0.5374244791666667 0.519203125 0.5374244791666667 0.698203125 0.6590807291666666 0.698203125 0.6590807291666666 0.519203125
5 0.739546875 0.5973268229166666 0.5928229166666666 0.5973268229166666 0.5928229166666666 0.7804596354166666 0.739546875 0.7804596354166666 0.739546875 0.5973268229166666
3 0.5644140624999999 0.2605234375 0.38628906249999995 0.2605234375 0.38628906249999995 0.47799218749999994 0.5644140624999999 0.47799218749999994 0.5644140624999999 0.2605234375
3 0.6496158854166667 0.41243229166666673 0.49045703124999995 0.41243229166666673 0.49045703124999995 0.6200625 0.6496158854166667 0.6200625 0.6496158854166667 0.41243229166666673
3 0.82632421875 0.42545442708333336 0.6848997395833334 0.42545442708333336 0.6848997395833334 0.6192747395833333 0.82632421875 0.6192747395833333 0.82632421875 0.42545442708333336
3 0.9864674479166666 0.4133007812499999 0.8611158854166666 0.4133007812499999 0.8611158854166666 0.66110546875 0.9864674479166666 0.66110546875 0.9864674479166666 0.4133007812499999
5 0.6448802083333334 0.6285768229166666 0.49227604166666666 0.6285768229166666 0.49227604166666666 0.7804596354166666 0.6448802083333334 0.7804596354166666 0.6448802083333334 0.6285768229166666
5 0.7655794270833334 0.3247591145833333 0.6406289062499999 0.3247591145833333 0.6406289062499999 0.4408971354166667 0.7655794270833334 0.4408971354166667 0.7655794270833334 0.3247591145833333
5 0.952546875 0.3021901041666667 0.8593802083333333 0.3021901041666667 0.8593802083333333 0.5056171875 0.952546875 0.5056171875 0.952546875 0.3021901041666667
5 1 0.51903515625 1 0.33083463541666663 0.9427135416666668 0.33083463541666663 0.9427135416666668 0.51903515625 1 0.51903515625