4 0.17944010416666664 0.5947252604166666 0.03820052083333333 0.5947252604166666 0.03820052083333333 0.7037278645833334 0.17944010416666664 0.7037278645833334 0.17944010416666664 0.5947252604166666
4 0.23781510416666665 0.4263216145833333 0.13628906249999997 0.4263216145833333 0.13628906249999997 0.51351171875 0.23781510416666665 0.51351171875 0.23781510416666665 0.4263216145833333
4 0.3309036458333333 0.23274348958333335 0.2222265625 0.23274348958333335 0.2222265625 0.32487109375 0.3309036458333333 0.32487109375 0.3309036458333333 0.23274348958333335
4 0.7127239583333334 0.34125260416666664 0.5937552083333333 0.34125260416666664 0.5937552083333333 0.4314244791666667 0.7127239583333334 0.4314244791666667 0.7127239583333334 0.34125260416666664
4 0.42399348958333327 0.64073046875 0.32205338541666667 0.64073046875 0.32205338541666667 0.77712890625 0.42399348958333327 0.77712890625 0.42399348958333327 0.64073046875
4 0.27252734375000004 0.636390625 0.18489973958333333 0.636390625 0.18489973958333333 0.7510833333333333 0.27252734375000004 0.7510833333333333 0.27252734375000004 0.636390625
4 0.7206119791666666 0.5990651041666666 0.6441015625 0.5990651041666666 0.6441015625 0.6832057291666667 0.7206119791666666 0.6832057291666667 0.7206119791666666 0.5990651041666666
4 0.6050403645833333 0.78125 0.72929296875 0.78125 0.72929296875 0.68673828125 0.6050403645833333 0.68673828125 0.6050403645833333 0.78125
5 0.9154674479166666 0.25010546875 0.8064283854166666 0.25010546875 0.8064283854166666 0.38643619791666667 0.9154674479166666 0.38643619791666667 0.9154674479166666 0.25010546875
5 0.9194127604166665 0.3846536458333333 0.8107695312499998 0.3846536458333333 0.8107695312499998 0.5229817708333333 0.9194127604166665 0.5229817708333333 0.9194127604166665 0.3846536458333333
5 0.6054375000000001 0.300453125 0.43490104166666665 0.300453125 0.43490104166666665 0.4116927083333334 0.6054375000000001 0.4116927083333334 0.6054375000000001 0.300453125
5 0.3616731770833333 0.46972395833333336 0.21701953124999998 0.46972395833333336 0.21701953124999998 0.556921875 0.3616731770833333 0.556921875 0.3616731770833333 0.46972395833333336
3 0.33721614583333326 0.47468359375 0.14236718749999996 0.47468359375 0.14236718749999996 0.66031640625 0.33721614583333326 0.66031640625 0.33721614583333326 0.47468359375
3 0.5898763020833333 0.4898320312499999 0.37823828125 0.4898320312499999 0.37823828125 0.6381263020833334 0.5898763020833333 0.6381263020833334 0.5898763020833333 0.4898320312499999
3 0.4327421875 0.52061328125 0.2457057291666666 0.52061328125 0.2457057291666666 0.6537513020833333 0.4327421875 0.6537513020833333 0.4327421875 0.52061328125
3 0.5872916666666665 0.35576171875 0.38194791666666666 0.35576171875 0.38194791666666666 0.48272786458333333 0.5872916666666665 0.48272786458333333 0.5872916666666665 0.35576171875
3 0.48631380208333325 0.32285546875 0.24219140625 0.32285546875 0.24219140625 0.48114973958333335 0.48631380208333325 0.48114973958333335 0.48631380208333325 0.32285546875
3 0.8563020833333332 0.3551419270833333 0.6907656249999999 0.3551419270833333 0.6907656249999999 0.5798111979166667 0.8563020833333332 0.5798111979166667 0.8563020833333332 0.3551419270833333