4 0.6059088541666666 0.47720182291666663 0.7316588541666667 0.47720182291666663 0.7316588541666667 0.35948046875 0.6059088541666666 0.35948046875 0.6059088541666666 0.47720182291666663
4 0.08941406249999997 0.68320703125 0.21888281249999997 0.68320703125 0.21888281249999997 0.56868359375 0.08941406249999997 0.56868359375 0.08941406249999997 0.68320703125
4 0.64757421875 0.6579479166666666 0.7829361979166667 0.6579479166666666 0.7829361979166667 0.5296197916666667 0.64757421875 0.5296197916666667 0.64757421875 0.6579479166666666
4 0.4305611979166667 0.5679700520833333 0.5383815104166666 0.5679700520833333 0.5383815104166666 0.45496744791666666 0.4305611979166667 0.45496744791666666 0.4305611979166667 0.5679700520833333
4 0.8376796874999999 0.7747630208333334 0.9517578125 0.7747630208333334 0.9517578125 0.6537526041666666 0.8376796874999999 0.6537526041666666 0.8376796874999999 0.7747630208333334
4 0.11198437499999998 0.49663281249999996 0.11198437499999998 0.38643489583333335 0 0.38643489583333335 0 0.49663281249999996 0.11198437499999998 0.49663281249999996
3 0.7595546875 0.5727057291666666 0.9470234375000001 0.5727057291666666 0.9470234375000001 0.3768359375 0.7595546875 0.3768359375 0.7595546875 0.5727057291666666
3 0.4158046875 0.77160546875 0.5265494791666666 0.77160546875 0.5265494791666666 0.5669466145833333 0.4158046875 0.5669466145833333 0.4158046875 0.77160546875
3 0.34384374999999995 0.41327083333333337 0.5076145833333333 0.41327083333333337 0.5076145833333333 0.26052083333333337 0.34384374999999995 0.26052083333333337 0.34384374999999995 0.41327083333333337
3 0.2387200520833333 0.6611041666666666 0.38139453124999995 0.6611041666666666 0.38139453124999995 0.4787916666666666 0.2387200520833333 0.4787916666666666 0.2387200520833333 0.6611041666666666
3 0.0000013020833333321491 0.3568763020833333 0.11285286458333332 0.3568763020833333 0.11285286458333332 0.21875 0.0000013020833333321491 0.21875 0.0000013020833333321491 0.3568763020833333
5 0.9071236979166667 0.5886471354166666 0.9071236979166667 0.7812486979166666 1 0.7812486979166666 1 0.5886471354166666 0.9071236979166667 0.5886471354166666
5 0.3602486979166667 0.51351171875 0.48237109375 0.51351171875 0.48237109375 0.37163411458333334 0.3602486979166667 0.37163411458333334 0.3602486979166667 0.51351171875
4 0.31591536458333336 0.698890625 0.21007421874999999 0.698890625 0.21007421874999999 0.78125 0.31591536458333336 0.78125 0.31591536458333336 0.698890625
3 0.5329908854166667 0.6484778645833333 0.6456705729166666 0.6484778645833333 0.6456705729166666 0.4480221354166666 0.5329908854166667 0.4480221354166666 0.5329908854166667 0.6484778645833333