10 0.3868229166666667 0.23643619791666665 0.12489062499999999 0.23643619791666665 0.12489062499999999 0.3238346354166667 0.3868229166666667 0.3238346354166667 0.3868229166666667 0.23643619791666665
10 0.48673697916666664 0.3174479166666667 0.3533411458333333 0.3174479166666667 0.3533411458333333 0.5105885416666667 0.48673697916666664 0.5105885416666667 0.48673697916666664 0.3174479166666667
10 0.5886744791666667 0.3505260416666667 0.47053385416666665 0.3505260416666667 0.47053385416666665 0.4884583333333333 0.5886744791666667 0.4884583333333333 0.5886744791666667 0.3505260416666667
11 0.3847994791666666 0.2992213541666667 0.29663281249999995 0.2992213541666667 0.29663281249999995 0.3589192708333333 0.3847994791666666 0.3589192708333333 0.3847994791666666 0.2992213541666667
9 0.3344375 0.33840885416666666 0.19172395833333333 0.33840885416666666 0.19172395833333333 0.5280755208333333 0.3344375 0.5280755208333333 0.3344375 0.33840885416666666
10 0.30581510416666663 0.5432005208333333 0.21400260416666664 0.5432005208333333 0.21400260416666664 0.6772682291666666 0.30581510416666663 0.6772682291666666 0.30581510416666663 0.5432005208333333
11 0.3636015625 0.5620911458333333 0.28758593749999994 0.5620911458333333 0.28758593749999994 0.6387890625 0.3636015625 0.6387890625 0.3636015625 0.5620911458333333
10 0.7203177083333333 0.6198880208333334 0.5724739583333333 0.6198880208333334 0.5724739583333333 0.7096171874999999 0.7203177083333333 0.7096171874999999 0.7203177083333333 0.6198880208333334
9 0.6121692708333333 0.5550768229166667 0.38142447916666666 0.5550768229166667 0.38142447916666666 0.6874856770833333 0.6121692708333333 0.6874856770833333 0.6121692708333333 0.5550768229166667
11 0.8391315104166667 0.48419401041666665 0.7277434895833332 0.48419401041666665 0.7277434895833332 0.5683059895833333 0.8391315104166667 0.5683059895833333 0.8391315104166667 0.48419401041666665
9 0.7361145833333332 0.47879296875 0.46648437499999995 0.47879296875 0.46648437499999995 0.5737018229166666 0.7361145833333332 0.5737018229166666 0.7361145833333332 0.47879296875
10 0.7338190104166665 0.2398138020833333 0.5778736979166667 0.2398138020833333 0.5778736979166667 0.34271744791666664 0.7338190104166665 0.34271744791666664 0.7338190104166665 0.2398138020833333
9 0.9118802083333332 0.30629557291666665 0.7012291666666667 0.30629557291666665 0.7012291666666667 0.41382421875 0.9118802083333332 0.41382421875 0.9118802083333332 0.30629557291666665