4 0.7699687500000001 0.4716783854166667 0.8634010416666665 0.4716783854166667 0.8634010416666665 0.34298828124999997 0.7699687500000001 0.34298828124999997 0.7699687500000001 0.4716783854166667
4 0.2985598958333333 0.41329947916666665 0.3967057291666667 0.41329947916666665 0.3967057291666667 0.3177682291666667 0.2985598958333333 0.3177682291666667 0.2985598958333333 0.41329947916666665
4 0.0008723958333333318 0.6271666666666667 0.09345052083333334 0.6271666666666667 0.09345052083333334 0.5296197916666666 0.0008723958333333318 0.5296197916666666 0.0008723958333333318 0.6271666666666667
4 0.7725729166666666 0.7812486979166666 0.8515677083333333 0.7812486979166666 0.8515677083333333 0.67198046875 0.7725729166666666 0.67198046875 0.7725729166666666 0.7812486979166666
4 0.8559088541666666 0.7812486979166666 0.9280911458333334 0.7812486979166666 0.9280911458333334 0.67198046875 0.8559088541666666 0.67198046875 0.8559088541666666 0.7812486979166666
3 0.10156640624999999 0.7297734374999999 0.30329296875 0.7297734374999999 0.30329296875 0.5600026041666666 0.10156640624999999 0.5600026041666666 0.10156640624999999 0.7297734374999999
3 0.25222526041666665 0.6397955729166667 0.39322786458333325 0.6397955729166667 0.39322786458333325 0.41764192708333325 0.25222526041666665 0.41764192708333325 0.25222526041666665 0.6397955729166667
3 0.6757578124999999 0.6508463541666666 0.8334244791666666 0.6508463541666666 0.8334244791666666 0.4844817708333332 0.6757578124999999 0.4844817708333332 0.6757578124999999 0.6508463541666666
3 0.8582135416666666 0.6650520833333333 0.9612239583333334 0.6650520833333333 0.9612239583333334 0.45409895833333336 0.8582135416666666 0.45409895833333336 0.8582135416666666 0.6650520833333333
3 0.7980755208333333 0.6516354166666667 0.8862786458333332 0.6516354166666667 0.8862786458333332 0.42371875000000003 0.7980755208333333 0.42371875000000003 0.7980755208333333 0.6516354166666667
3 0.20399869791666664 0.41563802083333334 0.37587109374999994 0.41563802083333334 0.37587109374999994 0.24402864583333334 0.20399869791666664 0.24402864583333334 0.20399869791666664 0.41563802083333334
4 0.12587369791666667 0.49377734375 0.23466276041666667 0.49377734375 0.23466276041666667 0.4150351562499999 0.12587369791666667 0.4150351562499999 0.12587369791666667 0.49377734375
5 0.9244843750000001 0.58604296875 0.9244843750000001 0.7812486979166666 1 0.7812486979166666 1 0.58604296875 0.9244843750000001 0.58604296875
5 0.4479218749999999 0.7812486979166666 0.6433020833333334 0.7812486979166666 0.6433020833333334 0.5652096354166666 0.4479218749999999 0.5652096354166666 0.4479218749999999 0.7812486979166666
5 0.85693359375 0.3848580729166667 0.9367695312499998 0.3848580729166667 0.9367695312499998 0.3016263020833333 0.85693359375 0.3016263020833333 0.85693359375 0.3848580729166667
5 0.9344257812499999 0.3292486979166666 0.9344257812499999 0.45273567708333334 1 0.45273567708333334 1 0.3292486979166666 0.9344257812499999 0.3292486979166666