4 0.000003906250000003848 0.5442916666666666 0.12342838541666667 0.5442916666666666 0.12342838541666667 0.44802083333333337 0.000003906250000003848 0.44802083333333337 0.000003906250000003848 0.5442916666666666
4 0.22135937499999997 0.32329296875 0.32459375 0.32329296875 0.32459375 0.23882161458333334 0.22135937499999997 0.23882161458333334 0.22135937499999997 0.32329296875
4 0.09722786458333332 0.3627565104166667 0.21099609374999995 0.3627565104166667 0.21099609374999995 0.29611328124999997 0.09722786458333332 0.29611328124999997 0.09722786458333332 0.3627565104166667
4 0.7040481770833332 0.65548828125 0.61545703125 0.65548828125 0.61545703125 0.78125 0.7040481770833332 0.78125 0.7040481770833332 0.65548828125
4 0.30382421875 0.6989921875 0.40348307291666663 0.6989921875 0.40348307291666663 0.5860442708333332 0.30382421875 0.5860442708333332 0.30382421875 0.6989921875
4 0.13542187499999997 0.6121705729166667 0.23623958333333334 0.6121705729166667 0.23623958333333334 0.5339596354166666 0.13542187499999997 0.5339596354166666 0.13542187499999997 0.6121705729166667
4 0.6718802083333333 0.48904427083333335 0.7616354166666666 0.48904427083333335 0.7616354166666666 0.42719010416666664 0.6718802083333333 0.42719010416666664 0.6718802083333333 0.48904427083333335
5 0.7439296875 0.46615234375 0.8436796874999999 0.46615234375 0.8436796874999999 0.33951432291666667 0.7439296875 0.33951432291666667 0.7439296875 0.46615234375
5 0.6996575520833332 0.44484114583333334 0.7884570312499999 0.44484114583333334 0.7884570312499999 0.32736197916666665 0.6996575520833332 0.32736197916666665 0.6996575520833332 0.44484114583333334
5 0.5685807291666667 0.4014322916666666 0.7087786458333334 0.4014322916666666 0.7087786458333334 0.31347395833333336 0.5685807291666667 0.31347395833333336 0.5685807291666667 0.4014322916666666
5 0.4071236979166667 0.4708893229166667 0.55652734375 0.4708893229166667 0.55652734375 0.3603502604166667 0.4071236979166667 0.3603502604166667 0.4071236979166667 0.4708893229166667
5 0.23958854166666663 0.54666015625 0.39717187499999995 0.54666015625 0.39717187499999995 0.49576692708333336 0.23958854166666663 0.49576692708333336 0.23958854166666663 0.54666015625
3 0.40538671875 0.5229830729166667 0.65434765625 0.5229830729166667 0.65434765625 0.43587109375 0.40538671875 0.43587109375 0.40538671875 0.5229830729166667
3 0.38108072916666663 0.38012109374999997 0.5715130208333333 0.38012109374999997 0.5715130208333333 0.24663411458333334 0.38108072916666663 0.24663411458333334 0.38108072916666663 0.38012109374999997
3 0.23351171874999999 0.41563932291666666 0.4326705729166666 0.41563932291666666 0.4326705729166666 0.30305859375 0.23351171874999999 0.30305859375 0.23351171874999999 0.41563932291666666
3 0.12153124999999998 0.5135104166666666 0.3364270833333333 0.5135104166666666 0.3364270833333333 0.41338020833333333 0.12153124999999998 0.41338020833333333 0.12153124999999998 0.5135104166666666
3 0.6259596354166665 0.6516354166666667 0.7458580729166666 0.6516354166666667 0.7458580729166666 0.47059375000000003 0.6259596354166665 0.47059375000000003 0.6259596354166665 0.6516354166666667
3 0.3914973958333333 0.6342708333333333 0.5691484375 0.6342708333333333 0.5691484375 0.5077552083333333 0.3914973958333333 0.5077552083333333 0.3914973958333333 0.6342708333333333