4 0.23466276041666667 0.48795312499999993 0.12587369791666667 0.48795312499999993 0.12587369791666667 0.590859375 0.23466276041666667 0.590859375 0.23466276041666667 0.48795312499999993
4 0.28514973958333334 0.5947252604166666 0.17622005208333333 0.5947252604166666 0.17622005208333333 0.71398828125 0.28514973958333334 0.71398828125 0.28514973958333334 0.5947252604166666
4 0.6448815104166666 0.3178138020833333 0.5503528645833333 0.3178138020833333 0.5503528645833333 0.4416861979166667 0.6448815104166666 0.4416861979166667 0.6448815104166666 0.3178138020833333
4 0.8917994791666665 0.6337864583333332 0.7743098958333332 0.6337864583333332 0.7743098958333332 0.7463489583333333 0.8917994791666665 0.7463489583333333 0.8917994791666665 0.6337864583333332
4 0.51708203125 0.21875 0.3854231770833333 0.21875 0.3854231770833333 0.30592838541666667 0.51708203125 0.30592838541666667 0.51708203125 0.21875
3 0.35536067708333335 0.2813567708333333 0.15191536458333332 0.2813567708333333 0.15191536458333332 0.4866744791666666 0.35536067708333335 0.4866744791666666 0.35536067708333335 0.2813567708333333
3 0.878390625 0.41329947916666665 0.7135468749999999 0.41329947916666665 0.7135468749999999 0.6208515625 0.878390625 0.6208515625 0.878390625 0.41329947916666665
3 0.7371809895833333 0.40635546875 0.6371575520833332 0.40635546875 0.6371575520833332 0.60191015625 0.7371809895833333 0.60191015625 0.7371809895833333 0.40635546875
3 0.4800052083333332 0.31434244791666666 0.38542187499999997 0.31434244791666666 0.38542187499999997 0.54744921875 0.4800052083333332 0.54744921875 0.4800052083333332 0.31434244791666666
3 0.41373828125 0.39246614583333334 0.27322005208333333 0.39246614583333334 0.27322005208333333 0.6263776041666667 0.41373828125 0.6263776041666667 0.41373828125 0.39246614583333334
3 0.6149036458333332 0.4402096354166666 0.46064322916666667 0.4402096354166666 0.46064322916666667 0.63269140625 0.6149036458333332 0.63269140625 0.6149036458333332 0.4402096354166666
5 0.7087799479166665 0.2561822916666666 0.62413671875 0.2561822916666666 0.62413671875 0.41879687499999996 0.7087799479166665 0.41879687499999996 0.7087799479166665 0.2561822916666666
5 0.7916718749999999 0.28619791666666666 0.6835364583333334 0.28619791666666666 0.6835364583333334 0.4133020833333333 0.7916718749999999 0.4133020833333333 0.7916718749999999 0.28619791666666666
5 0.9062565104166665 0.78125 0.99987890625 0.78125 0.99987890625 0.5591341145833333 0.9062565104166665 0.5591341145833333 0.9062565104166665 0.78125
5 0.8034453124999998 0.6277096354166666 0.6362890625 0.6277096354166666 0.6362890625 0.7812486979166666 0.8034453124999998 0.7812486979166666 0.8034453124999998 0.6277096354166666
5 0.4322955729166667 0.78125 0.5265481770833332 0.78125 0.5265481770833332 0.56955078125 0.4322955729166667 0.56955078125 0.4322955729166667 0.78125
5 0.48710286458333324 0.50618359375 0.38194921875 0.50618359375 0.38194921875 0.68636328125 0.48710286458333324 0.68636328125 0.48710286458333324 0.50618359375
5 0.40585026041666666 0.3138229166666667 0.40585026041666666 0.21875 0.29514453124999995 0.21875 0.29514453124999995 0.3138229166666667 0.40585026041666666 0.3138229166666667
3 0.6740690104166666 0.6120846354166666 0.55295703125 0.6120846354166666 0.55295703125 0.7812486979166666 0.6740690104166666 0.7812486979166666 0.6740690104166666 0.6120846354166666