10 0.5104401041666666 0.6125533854166667 0.6412578125 0.6125533854166667 0.6412578125 0.53322265625 0.5104401041666666 0.53322265625 0.5104401041666666 0.6125533854166667
9 0.27985546875 0.6417252604166667 0.51105078125 0.6417252604166667 0.51105078125 0.5214674479166665 0.27985546875 0.5214674479166665 0.27985546875 0.6417252604166667
9 0.08411458333333331 0.5538671875000001 0.26102604166666665 0.5538671875000001 0.26102604166666665 0.47603906249999994 0.08411458333333331 0.47603906249999994 0.08411458333333331 0.5538671875000001
9 0.09756380208333333 0.5092421874999999 0.34110807291666667 0.5092421874999999 0.34110807291666667 0.39877343749999994 0.09756380208333333 0.39877343749999994 0.09756380208333333 0.5092421874999999
9 0.10025390625 0.43494140624999994 0.3235013020833333 0.43494140624999994 0.3235013020833333 0.32023046875 0.10025390625 0.32023046875 0.10025390625 0.43494140624999994
9 0.34783203125 0.41326822916666667 0.5262096354166667 0.41326822916666667 0.5262096354166667 0.2921536458333333 0.34783203125 0.2921536458333333 0.34783203125 0.41326822916666667
10 0.5191184895833333 0.40898697916666665 0.6858815104166667 0.40898697916666665 0.6858815104166667 0.2916640625 0.5191184895833333 0.2916640625 0.5191184895833333 0.40898697916666665
9 0.5756041666666667 0.35324869791666663 0.7822239583333334 0.35324869791666663 0.7822239583333334 0.21875130208333332 0.5756041666666667 0.21875130208333332 0.5756041666666667 0.35324869791666663
9 0.6423580729166666 0.5062721354166666 0.89348046875 0.5062721354166666 0.89348046875 0.3802643229166666 0.6423580729166666 0.3802643229166666 0.6423580729166666 0.5062721354166666
10 0.8829674479166666 0.4935638020833332 0.98004296875 0.4935638020833332 0.98004296875 0.4188841145833333 0.8829674479166666 0.4188841145833333 0.8829674479166666 0.4935638020833332
10 0.5968763020833333 0.7812473958333334 0.7323424479166666 0.7812473958333334 0.7323424479166666 0.6822421875 0.5968763020833333 0.6822421875 0.5968763020833333 0.7812473958333334
9 0.6267083333333333 0.7159843749999999 0.7415104166666666 0.7159843749999999 0.7415104166666666 0.5495729166666666 0.6267083333333333 0.5495729166666666 0.6267083333333333 0.7159843749999999