7 0.0021015625000000053 0.5677760416666666 0.13281510416666667 0.5677760416666666 0.13281510416666667 0.46095312499999996 0.0021015625000000053 0.46095312499999996 0.0021015625000000053 0.5677760416666666
6 0.09877083333333332 0.5652552083333333 0.39802604166666666 0.5652552083333333 0.39802604166666666 0.469984375 0.09877083333333332 0.469984375 0.09877083333333332 0.5652552083333333
7 0.050226562499999995 0.7812486979166666 0.17064322916666666 0.7812486979166666 0.17064322916666666 0.6880169270833333 0.050226562499999995 0.6880169270833333 0.050226562499999995 0.7812486979166666
6 0.24335468749999997 0.7107861979166666 0.27193541666666665 0.68474296875 0.30135651041666667 0.65407890625 0.33119791666666665 0.6196346354166666 0.35893776041666664 0.5830901041666666 0.37070624999999996 0.5612471354166667 0.3614596354166667 0.5482255208333333 0.33960390625 0.544025 0.31522630208333335 0.5511658854166667 0.29295052083333334 0.5625072916666667 0.2677322916666667 0.5793096354166666 0.2467171875 0.58855078125 0.21603515624999997 0.6078731770833332 0.187034375 0.62383515625 0.16223645833333333 0.6444177083333333 0.14584479166666667 0.6624799479166666 0.135021875 0.67645859375 0.14878697916666667 0.7166669270833333 0.15887421875 0.7406098958333333 0.18072968749999999 0.7473307291666667 0.21393359374999998 0.7296885416666666 0.24335468749999997 0.7107861979166666
7 0.3840520833333333 0.6276145833333333 0.4702135416666667 0.6276145833333333 0.4702135416666667 0.531453125 0.3840520833333333 0.531453125 0.3840520833333333 0.6276145833333333
7 0.28464973958333334 0.7389296875 0.4143138020833333 0.7389296875 0.4143138020833333 0.6400130208333332 0.28464973958333334 0.6400130208333332 0.28464973958333334 0.7389296875
6 0.4145221354166666 0.7422903645833333 0.6839361979166666 0.7422903645833333 0.6839361979166666 0.6062825520833333 0.4145221354166666 0.6062825520833333 0.4145221354166666 0.7422903645833333
7 0.8180117187499999 0.7191875 0.9454674479166666 0.7191875 0.9454674479166666 0.6243385416666667 0.8180117187499999 0.6243385416666667 0.8180117187499999 0.7191875
7 0.82431640625 0.6242565104166666 0.92571484375 0.6242565104166666 0.92571484375 0.5386966145833332 0.82431640625 0.5386966145833332 0.82431640625 0.6242565104166666
6 0.5400885416666665 0.6311354166666666 0.8220052083333332 0.6311354166666666 0.8220052083333332 0.5200104166666667 0.5400885416666665 0.5200104166666667 0.5400885416666665 0.6311354166666666
6 0.33226432291666663 0.7180625 0.19450651041666664 0.7180625 0.19450651041666664 0.78125 0.33226432291666663 0.78125 0.33226432291666663 0.7180625
6 0.8519231770833333 0.45677604166666663 0.9654257812499999 0.45677604166666663 0.9654257812499999 0.22468229166666664 0.8519231770833333 0.22468229166666664 0.8519231770833333 0.45677604166666663
7 0.3140703125 0.3165286458333333 0.4274453125 0.3165286458333333 0.4274453125 0.22016927083333332 0.3140703125 0.22016927083333332 0.3140703125 0.3165286458333333
6 0.3398658854166666 0.5323645833333333 0.52959765625 0.5323645833333333 0.52959765625 0.31883854166666664 0.3398658854166666 0.31883854166666664 0.3398658854166666 0.5323645833333333
8 0.49090234375 0.61183203125 0.5552643229166667 0.61183203125 0.5552643229166667 0.5548763020833333 0.49090234375 0.5548763020833333 0.49090234375 0.61183203125
8 0.3811822916666666 0.5429322916666667 0.44427604166666673 0.5429322916666667 0.44427604166666673 0.4853177083333334 0.3811822916666666 0.4853177083333334 0.3811822916666666 0.5429322916666667