10 0.10243359374999997 0.4763229166666667 0.18542057291666664 0.4763229166666667 0.18542057291666664 0.346765625 0.10243359374999997 0.346765625 0.10243359374999997 0.4763229166666667
9 0.10607552083333331 0.69675 0.23731510416666665 0.69675 0.23731510416666665 0.4668802083333333 0.10607552083333331 0.4668802083333333 0.10607552083333331 0.69675
11 0.18490104166666668 0.7778229166666667 0.2568645833333333 0.7778229166666667 0.2568645833333333 0.7003333333333333 0.18490104166666668 0.7003333333333333 0.18490104166666668 0.7778229166666667
11 0.2288333333333333 0.6868020833333333 0.27328125 0.6868020833333333 0.27328125 0.608046875 0.2288333333333333 0.608046875 0.2288333333333333 0.6868020833333333
9 0.4412966145833333 0.71674921875 0.4285244791666667 0.7054028645833333 0.41311692708333325 0.7033768229166666 0.41575234375000003 0.6893966145833332 0.41108958333333334 0.6705536458333332 0.3997364583333333 0.66244921875 0.38149062499999997 0.6608283854166667 0.37054322916666665 0.6691354166666666 0.3549328125 0.6707562499999999 0.33628151041666665 0.6685276041666667 0.3076963541666667 0.6648804687500001 0.28620677083333335 0.6628544270833333 0.2758674479166666 0.6604231770833333 0.26694713541666665 0.6762268229166667 0.26431171875 0.6865598958333333 0.2797192708333333 0.6893966145833332 0.2951268229166667 0.6940567708333333 0.3139809895833333 0.7072265625 0.3281721354166667 0.7145205729166666 0.3417552083333333 0.7212067708333333 0.3549328125 0.7280955729166666 0.36648854166666667 0.7398468749999999 0.38412604166666664 0.7511932291666666 0.39730364583333333 0.7609184895833334 0.42163151041666663 0.77044140625 0.445959375 0.7722648437499999 0.45670416666666663 0.7690231770833333 0.4619752604166666 0.7653760416666666 0.4631916666666666 0.7629447916666667 0.4739364583333333 0.7552455729166667 0.48508671875 0.7380234375 0.4757609374999999 0.7301216145833334 0.45629869791666666 0.7224223958333333 0.4412966145833333 0.71674921875
11 0.41379557291666663 0.7199687499999999 0.4709596354166667 0.7199687499999999 0.4709596354166667 0.65878125 0.41379557291666663 0.65878125 0.41379557291666663 0.7199687499999999
10 0.7911184895833333 0.6486510416666667 0.7001471354166666 0.6486510416666667 0.7001471354166666 0.78125 0.7911184895833333 0.78125 0.7911184895833333 0.6486510416666667
9 0.5679036458333333 0.6817591145833333 0.7872786458333332 0.6817591145833333 0.7872786458333332 0.5308033854166666 0.5679036458333333 0.5308033854166666 0.5679036458333333 0.6817591145833333
10 0.6422369791666666 0.5345364583333333 0.8249244791666666 0.5345364583333333 0.8249244791666666 0.42692708333333335 0.6422369791666666 0.42692708333333335 0.6422369791666666 0.5345364583333333
10 0.5476380208333333 0.21875 0.5476380208333333 0.304375 0.6474609375 0.304375 0.6474609375 0.21875 0.5476380208333333 0.21875
11 0.7140091145833332 0.2826575520833333 0.78908984375 0.2826575520833333 0.78908984375 0.22632161458333333 0.7140091145833332 0.22632161458333333 0.7140091145833332 0.2826575520833333
9 0.8281242187499999 0.4695463541666666 0.8349497395833332 0.4874526041666666 0.85116015625 0.50919609375 0.8763291666666666 0.5207072916666666 0.9002184895833333 0.5155911458333333 0.9053374999999999 0.49427421874999994 0.91642890625 0.4827630208333333 0.9450106770833333 0.46443020833333326 0.9313596354166667 0.44950833333333334 0.9172822916666666 0.4320283854166666 0.9057640625 0.4119903645833333 0.89211328125 0.38896796874999995 0.8759026041666665 0.3697825520833333 0.8592656249999999 0.34974453125 0.8434815104166666 0.3352489583333333 0.8345231770833333 0.32117968750000003 0.817459375 0.29602552083333333 0.8029552083333332 0.2793981770833333 0.7841851562500001 0.26788697916666665 0.7675479166666667 0.26873984375000004 0.7517640624999999 0.27257682291666663 0.7594427083333334 0.29176223958333336 0.7696809895833333 0.32757473958333333 0.78461171875 0.35955026041666666 0.7965562499999999 0.4013317708333333 0.8089276041666666 0.4345864583333333 0.8281242187499999 0.4695463541666666
9 0.6928942708333332 0.42264895833333327 0.7257419270833333 0.43074947916666667 0.7645617187499999 0.43884973958333334 0.7969828125 0.44353958333333326 0.8067945312499999 0.44140781249999994 0.8029552083333332 0.41582734375 0.7901572916666667 0.4055953125 0.76498828125 0.39323125000000003 0.7449385416666666 0.38257291666666665 0.72147578125 0.36892994791666667 0.7044122395833334 0.34974453125 0.6826559895833333 0.32842760416666666 0.6702846354166667 0.31009479166666665 0.65450078125 0.29090937499999997 0.6399966145833333 0.27300312499999996 0.6246393229166666 0.27001875000000003 0.5960575520833332 0.284940625 0.5794203125 0.29730468749999994 0.5775005208333333 0.31004088541666663 0.5909382812499999 0.3361015625 0.6118414062499999 0.3697825520833333 0.6438359374999999 0.39664192708333335 0.6707111979166667 0.41412213541666665 0.6928942708333332 0.42264895833333327
9 0.5345213541666667 0.5911645833333333 0.541346875 0.5685684895833333 0.55115859375 0.5660104166666666 0.56395625 0.5630260416666666 0.5707817708333334 0.5472513020833333 0.57504765625 0.5327557291666667 0.5754742187499999 0.5030703125 0.5741945312500001 0.469815625 0.5707817708333334 0.4318713541666666 0.5635296875 0.4097015625 0.5609700520833333 0.3947796875 0.5281223958333333 0.4181177083333333 0.49484817708333334 0.42323385416666665 0.4884492187499999 0.44071380208333333 0.48588984375 0.4692786458333333 0.4841833333333333 0.49699088541666664 0.47991744791666663 0.5357877604166666 0.4743716145833333 0.5698950520833332 0.4598674479166666 0.6125291666666667 0.45090911458333327 0.6381096354166667 0.4530421875 0.6538367187499999 0.47309192708333325 0.6619372395833333 0.49186197916666663 0.661084375 0.5110588541666666 0.63550390625 0.5234299479166666 0.6154658854166666 0.5345213541666667 0.5911645833333333
10 0.35833723958333336 0.59479296875 0.4470690104166667 0.59479296875 0.4470690104166667 0.47534765625 0.35833723958333336 0.47534765625 0.35833723958333336 0.59479296875
9 0.38446744791666665 0.47214583333333326 0.4888763020833332 0.47214583333333326 0.4888763020833332 0.35085416666666663 0.38446744791666665 0.35085416666666663 0.38446744791666665 0.47214583333333326
11 0.28571093749999993 0.6566484375 0.34074218749999996 0.6566484375 0.34074218749999996 0.5843932291666667 0.28571093749999993 0.5843932291666667 0.28571093749999993 0.6566484375
9 0.308746875 0.5754401041666666 0.3228244791666667 0.5899356770833333 0.34671380208333336 0.58055625 0.36164453124999996 0.5477278645833333 0.36847005208333333 0.5114888020833332 0.38553359375 0.48804010416666666 0.39790494791666664 0.46970755208333337 0.4124091145833333 0.43474765625 0.41411536458333326 0.4100197916666667 0.41411536458333326 0.3827338541666666 0.40217083333333326 0.3763388020833333 0.40899635416666663 0.3584325520833333 0.40942291666666664 0.3337046875 0.39875807291666665 0.33498385416666665 0.38724010416666665 0.34606848958333336 0.38510703124999995 0.3644013020833333 0.36889661458333334 0.37548619791666665 0.35567213541666665 0.3904080729166667 0.33860833333333334 0.43048411458333324 0.3232510416666667 0.4748236979166666 0.3147192708333333 0.5106361979166667 0.30917343750000004 0.5481541666666667 0.308746875 0.5754401041666666
10 0.48215755208333333 0.41849218749999995 0.5631028645833334 0.41849218749999995 0.5631028645833334 0.30257552083333333 0.48215755208333333 0.30257552083333333 0.48215755208333333 0.41849218749999995