4 0.8949557291666664 0.3594817708333333 0.7717057291666667 0.3594817708333333 0.7717057291666667 0.4574713541666666 0.8949557291666664 0.4574713541666666 0.8949557291666664 0.3594817708333333
4 0.2993489583333333 0.3837877604166667 0.19010937499999997 0.3837877604166667 0.19010937499999997 0.5071966145833333 0.2993489583333333 0.5071966145833333 0.2993489583333333 0.3837877604166667
4 0.7143033854166665 0.30045182291666667 0.62326953125 0.30045182291666667 0.62326953125 0.39038151041666663 0.7143033854166665 0.39038151041666663 0.7143033854166665 0.30045182291666667
4 0.33169401041666663 0.61816015625 0.21962369791666667 0.61816015625 0.21962369791666667 0.7250377604166667 0.33169401041666663 0.7250377604166667 0.33169401041666663 0.61816015625
5 0.9391328124999999 0.5790989583333334 0.8107682291666667 0.5790989583333334 0.8107682291666667 0.75503125 0.9391328124999999 0.75503125 0.9391328124999999 0.5790989583333334
5 0.09029427083333333 0.3568763020833333 0.0008723958333333318 0.3568763020833333 0.0008723958333333318 0.5427122395833333 0.09029427083333333 0.5427122395833333 0.09029427083333333 0.3568763020833333
5 0.4713268229166666 0.35687760416666664 0.3324700520833333 0.35687760416666664 0.3324700520833333 0.5142994791666666 0.4713268229166666 0.5142994791666666 0.4713268229166666 0.35687760416666664
5 0 0.78125 0.14393880208333334 0.78125 0.14393880208333334 0.6103489583333332 0 0.6103489583333332 0 0.78125
5 0.5794036458333333 0.355140625 0.4392421875 0.355140625 0.4392421875 0.47246875 0.5794036458333333 0.47246875 0.5794036458333333 0.355140625
3 0.8468359374999999 0.5443763020833334 0.6501796875 0.5443763020833334 0.6501796875 0.7313528645833334 0.8468359374999999 0.7313528645833334 0.8468359374999999 0.5443763020833334
3 0.24886067708333331 0.4697252604166667 0.05729557291666667 0.4697252604166667 0.05729557291666667 0.6761028645833334 0.24886067708333331 0.6761028645833334 0.24886067708333331 0.4697252604166667