4 0.009553385416666667 0.5585 0.1431497395833333 0.5585 0.1431497395833333 0.44889062499999993 0.009553385416666667 0.44889062499999993 0.009553385416666667 0.5585
4 0.14670703125 0.6011197916666666 0.27568359375 0.6011197916666666 0.27568359375 0.49316145833333336 0.14670703125 0.49316145833333336 0.14670703125 0.6011197916666666
4 0.30816406249999995 0.6445299479166666 0.41215885416666664 0.6445299479166666 0.41215885416666664 0.5495846354166666 0.30816406249999995 0.5495846354166666 0.30816406249999995 0.6445299479166666
4 0.7434908854166666 0.6815299479166667 0.6250039062500001 0.6815299479166667 0.6250039062500001 0.78125 0.7434908854166666 0.78125 0.7434908854166666 0.6815299479166667
5 0.6935807291666667 0.47167838541666657 0.7695234375 0.47167838541666657 0.7695234375 0.31955078124999997 0.6935807291666667 0.31955078124999997 0.6935807291666667 0.47167838541666657
5 0.75532421875 0.5061822916666666 0.8437539062499999 0.5061822916666666 0.8437539062499999 0.33434375 0.75532421875 0.33434375 0.75532421875 0.5061822916666666
5 0.4305611979166667 0.3966953125 0.5943919270833333 0.3966953125 0.5943919270833333 0.30652864583333334 0.4305611979166667 0.30652864583333334 0.4305611979166667 0.3966953125
5 0.5633723958333334 0.3217161458333333 0.7119348958333334 0.3217161458333333 0.7119348958333334 0.24750260416666667 0.5633723958333334 0.24750260416666667 0.5633723958333334 0.3217161458333333
5 0.29427734375000003 0.44878906250000006 0.44923828124999987 0.44878906250000006 0.44923828124999987 0.35861197916666665 0.29427734375000003 0.35861197916666665 0.29427734375000003 0.44878906250000006
5 0.54601171875 0.5024609375 0.6819570312499998 0.5024609375 0.6819570312499998 0.37771093749999995 0.54601171875 0.37771093749999995 0.54601171875 0.5024609375
4 0.21788671874999999 0.32092578125 0.31907161458333333 0.32092578125 0.31907161458333333 0.23535026041666668 0.21788671874999999 0.23535026041666668 0.21788671874999999 0.32092578125
3 0.39757421875 0.32171484375 0.5762486979166667 0.32171484375 0.5762486979166667 0.22840494791666668 0.39757421875 0.22840494791666668 0.39757421875 0.32171484375
3 0.25000390625 0.3706510416666666 0.46895963541666663 0.3706510416666666 0.46895963541666663 0.2961145833333333 0.25000390625 0.2961145833333333 0.25000390625 0.3706510416666666
3 0.16059635416666665 0.48509635416666663 0.34352864583333337 0.48509635416666663 0.34352864583333337 0.40288281249999996 0.16059635416666665 0.40288281249999996 0.16059635416666665 0.48509635416666663
3 0.3941028645833333 0.5837578125 0.5707252604166666 0.5837578125 0.5707252604166666 0.4612786458333334 0.3941028645833333 0.4612786458333334 0.3941028645833333 0.5837578125
3 0.6467057291666667 0.65400390625 0.7419140625 0.65400390625 0.7419140625 0.44368359375 0.6467057291666667 0.44368359375 0.6467057291666667 0.65400390625
4 0.09549218749999998 0.38880338541666665 0.20152864583333333 0.38880338541666665 0.20152864583333333 0.30826432291666667 0.09549218749999998 0.30826432291666667 0.09549218749999998 0.38880338541666665