9 0.17402864583333333 0.41699479166666664 0.06743489583333334 0.41699479166666664 0.06743489583333334 0.6518697916666667 0.17402864583333333 0.6518697916666667 0.17402864583333333 0.41699479166666664
10 0.15675520833333334 0.6240690104166667 0.06140104166666667 0.6240690104166667 0.06140104166666667 0.7400716145833333 0.15675520833333334 0.7400716145833333 0.15675520833333334 0.6240690104166667
9 0.3003815104166666 0.6033645833333333 0.15320703125000001 0.6033645833333333 0.15320703125000001 0.7509479166666666 0.3003815104166666 0.7509479166666666 0.3003815104166666 0.6033645833333333
10 0.3804752604166667 0.6908854166666666 0.2549518229166666 0.6908854166666666 0.2549518229166666 0.7740833333333332 0.3804752604166667 0.7740833333333332 0.3804752604166667 0.6908854166666666
9 0.48529296874999994 0.5338658854166666 0.3430872395833333 0.5338658854166666 0.3430872395833333 0.6844049479166666 0.48529296874999994 0.6844049479166666 0.48529296874999994 0.5338658854166666
9 0.33575390625 0.33303385416666664 0.17745963541666665 0.33303385416666664 0.17745963541666665 0.5929973958333333 0.33575390625 0.5929973958333333 0.33575390625 0.33303385416666664
9 0.6199257812500001 0.5081276041666667 0.52646484375 0.5081276041666667 0.52646484375 0.6811328125 0.6199257812500001 0.6811328125 0.6199257812500001 0.5081276041666667
11 0.5673997395833333 0.4234257812499999 0.48328255208333326 0.4234257812499999 0.48328255208333326 0.5113450520833334 0.5673997395833333 0.5113450520833334 0.5673997395833333 0.4234257812499999
10 0.72521875 0.5578177083333333 0.6376718749999999 0.5578177083333333 0.6376718749999999 0.6589010416666665 0.72521875 0.6589010416666665 0.72521875 0.5578177083333333
9 0.5728403645833333 0.50897578125 0.5927158854166666 0.5425549479166667 0.62868125 0.5770799479166666 0.64429765625 0.5917414062499999 0.6707981770833332 0.5742424479166666 0.6760036458333333 0.5553244791666666 0.6665393229166666 0.53309609375 0.6495031250000001 0.5099216145833333 0.64051171875 0.48343671875 0.6239489583333333 0.4597893229166667 0.6106984375 0.447965625 0.5965018229166666 0.42053489583333337 0.58798359375 0.3926309895833333 0.5813585937499999 0.38553671874999995 0.55864375 0.38317213541666667 0.547759375 0.39100442708333333 0.5453932291666665 0.4347231770833333 0.5505986979166666 0.46546458333333335 0.5728403645833333 0.50897578125
10 0.7637864583333334 0.40815755208333326 0.658375 0.40815755208333326 0.658375 0.53803515625 0.7637864583333334 0.53803515625 0.7637864583333334 0.40815755208333326
10 0.8295937500000001 0.32708203124999996 0.7122395833333333 0.32708203124999996 0.7122395833333333 0.4516888020833333 0.8295937500000001 0.4516888020833333 0.8295937500000001 0.32708203124999996
9 0.9005286458333334 0.5054492187499999 0.6974765625 0.5054492187499999 0.6974765625 0.6536653645833332 0.9005286458333334 0.6536653645833332 0.9005286458333334 0.5054492187499999
11 0.9487499999999999 0.64732421875 0.8869166666666667 0.64732421875 0.8869166666666667 0.71733203125 0.9487499999999999 0.71733203125 0.9487499999999999 0.64732421875