4 0.11545572916666666 0.7258268229166667 0.20862760416666665 0.7258268229166667 0.20862760416666665 0.6068763020833333 0.11545572916666666 0.6068763020833333 0.11545572916666666 0.7258268229166667
3 0.07986718750000002 0.61375 0.21178385416666665 0.61375 0.21178385416666665 0.40028125000000003 0.07986718750000002 0.40028125000000003 0.07986718750000002 0.61375
5 0.07378906249999999 0.40932421874999997 0.21020572916666666 0.40932421874999997 0.21020572916666666 0.24923828124999997 0.07378906249999999 0.24923828124999997 0.07378906249999999 0.40932421874999997
4 0.19531770833333334 0.6989921875 0.290671875 0.6989921875 0.290671875 0.5808359375 0.19531770833333334 0.5808359375 0.19531770833333334 0.6989921875
4 0.38889453124999995 0.35644140625 0.47921484375 0.35644140625 0.47921484375 0.23448046875 0.38889453124999995 0.23448046875 0.38889453124999995 0.35644140625
4 0.42793880208333324 0.4653841145833333 0.5086861979166667 0.4653841145833333 0.5086861979166667 0.34223567708333336 0.42793880208333324 0.34223567708333336 0.42793880208333324 0.4653841145833333
4 0.8263932291666667 0.5135091145833333 0.9288776041666665 0.5135091145833333 0.9288776041666665 0.36208463541666663 0.8263932291666667 0.36208463541666663 0.8263932291666667 0.5135091145833333
4 0.7252317708333333 0.5608684895833334 0.8152786458333333 0.5608684895833334 0.8152786458333333 0.4384752604166667 0.7252317708333333 0.4384752604166667 0.7252317708333333 0.5608684895833334
5 0.2473997395833333 0.42195442708333336 0.38297005208333335 0.42195442708333336 0.38297005208333335 0.23882161458333334 0.2473997395833333 0.23882161458333334 0.2473997395833333 0.42195442708333336
5 0.3090325520833333 0.7812486979166666 0.44134765624999994 0.7812486979166666 0.44134765624999994 0.5600013020833333 0.3090325520833333 0.5600013020833333 0.3090325520833333 0.7812486979166666
5 0.44531770833333334 0.7812486979166666 0.5786145833333334 0.7812486979166666 0.5786145833333334 0.5339596354166666 0.44531770833333334 0.5339596354166666 0.44531770833333334 0.7812486979166666
5 0.8012200520833332 0.7812486979166666 0.96280078125 0.7812486979166666 0.96280078125 0.59385546875 0.8012200520833332 0.59385546875 0.8012200520833332 0.7812486979166666
3 0.1815989583333333 0.57586328125 0.36009375 0.57586328125 0.36009375 0.35300651041666664 0.1815989583333333 0.35300651041666664 0.1815989583333333 0.57586328125
3 0.2524817708333333 0.5577109375 0.4460807291666667 0.5577109375 0.4460807291666667 0.3360442708333333 0.2524817708333333 0.3360442708333333 0.2524817708333333 0.5577109375
3 0.35938151041666666 0.7424036458333333 0.48316015625 0.7424036458333333 0.48316015625 0.44281510416666664 0.35938151041666666 0.44281510416666664 0.35938151041666666 0.7424036458333333
3 0.5251783854166666 0.4629947916666667 0.7427018229166666 0.4629947916666667 0.7427018229166666 0.24576562500000004 0.5251783854166666 0.24576562500000004 0.5251783854166666 0.4629947916666667
3 0.6145872395833334 0.43852734374999996 0.8586679687499998 0.43852734374999996 0.8586679687499998 0.2405559895833333 0.6145872395833334 0.2405559895833333 0.6145872395833334 0.43852734374999996
3 0.5416705729166666 0.7812486979166666 0.7095690104166665 0.7812486979166666 0.7095690104166665 0.62510546875 0.5416705729166666 0.62510546875 0.5416705729166666 0.7812486979166666