4 0.4869830729166667 0.41642838541666666 0.5928138020833333 0.41642838541666666 0.5928138020833333 0.29003515625 0.4869830729166667 0.29003515625 0.4869830729166667 0.41642838541666666
4 0.11545572916666665 0.60585546875 0.23071614583333333 0.60585546875 0.23071614583333333 0.4983684895833333 0.11545572916666665 0.4983684895833333 0.11545572916666665 0.60585546875
4 0.28472656249999995 0.6524244791666666 0.3884921875 0.6524244791666666 0.3884921875 0.5365651041666666 0.28472656249999995 0.5365651041666666 0.28472656249999995 0.6524244791666666
4 0.7682330729166666 0.7352981770833333 0.89258984375 0.7352981770833333 0.89258984375 0.6268424479166665 0.7682330729166666 0.6268424479166665 0.7682330729166666 0.7352981770833333
4 0.65278125 0.7187239583333332 0.7348125 0.7187239583333332 0.7348125 0.6468072916666666 0.65278125 0.6468072916666666 0.65278125 0.7187239583333332
3 0.5512200520833332 0.77239453125 0.6630247395833333 0.77239453125 0.6630247395833333 0.60948046875 0.5512200520833332 0.60948046875 0.5512200520833332 0.77239453125
3 0.6276093749999999 0.60191015625 0.7245572916666665 0.60191015625 0.7245572916666665 0.38552213541666663 0.6276093749999999 0.38552213541666663 0.6276093749999999 0.60191015625
3 0.4704921875 0.6208528645833333 0.5841380208333333 0.6208528645833333 0.5841380208333333 0.42198046875 0.4704921875 0.42198046875 0.4704921875 0.6208528645833333
3 0.3602486979166667 0.31461197916666667 0.4736940104166667 0.31461197916666667 0.4736940104166667 0.2214609375 0.3602486979166667 0.2214609375 0.3602486979166667 0.31461197916666667
3 0.16580338541666664 0.48509765624999995 0.33406119791666666 0.48509765624999995 0.33406119791666666 0.2938294270833333 0.16580338541666664 0.2938294270833333 0.16580338541666664 0.48509765624999995
3 0.32301562500000003 0.5235442708333332 0.41146354166666665 0.5235442708333332 0.41146354166666665 0.2783046875 0.32301562500000003 0.2783046875 0.32301562500000003 0.5235442708333332
3 0.6901093749999999 0.6153268229166666 0.8886458333333334 0.6153268229166666 0.8886458333333334 0.42198046875 0.6901093749999999 0.42198046875 0.6901093749999999 0.6153268229166666
5 0.6050403645833333 0.39590755208333334 0.6937929687500001 0.39590755208333334 0.6937929687500001 0.26225911458333334 0.6050403645833333 0.26225911458333334 0.6050403645833333 0.39590755208333334
5 0.6559244791666666 0.42111197916666665 0.7638932291666667 0.42111197916666665 0.7638932291666667 0.29487760416666664 0.6559244791666666 0.29487760416666664 0.6559244791666666 0.42111197916666665
5 0.99987890625 0.5556614583333332 0.9036523437499999 0.5556614583333332 0.9036523437499999 0.78125 0.99987890625 0.78125 0.99987890625 0.5556614583333332
5 0.8018671874999999 0.612953125 0.6597265625000001 0.612953125 0.6597265625000001 0.78125 0.8018671874999999 0.78125 0.8018671874999999 0.612953125
5 0.38628906250000006 0.49377734375 0.49972656249999997 0.49377734375 0.49972656249999997 0.31694661458333334 0.38628906250000006 0.31694661458333334 0.38628906250000006 0.49377734375
5 0.5494270833333332 0.5734986979166666 0.4195104166666666 0.5734986979166666 0.4195104166666666 0.78125 0.5494270833333332 0.78125 0.5494270833333332 0.5734986979166666