4 0.051220052083333335 0.7558190104166667 0.18022786458333334 0.7558190104166667 0.18022786458333334 0.6346549479166667 0.051220052083333335 0.6346549479166667 0.051220052083333335 0.7558190104166667
4 0.020837239583333327 0.51903515625 0.14551692708333333 0.51903515625 0.14551692708333333 0.4193763020833333 0.020837239583333327 0.4193763020833333 0.020837239583333327 0.51903515625
4 0.07205208333333332 0.35407421875 0.17549479166666668 0.35407421875 0.17549479166666668 0.2796184895833333 0.07205208333333332 0.2796184895833333 0.07205208333333332 0.35407421875
4 0.0972265625 0.29566796875 0.18180468749999998 0.29566796875 0.18180468749999998 0.23882161458333334 0.0972265625 0.23882161458333334 0.0972265625 0.29566796875
4 0.6632005208333334 0.6271666666666667 0.7434921874999999 0.6271666666666667 0.7434921874999999 0.4983697916666666 0.6632005208333334 0.4983697916666666 0.6632005208333334 0.6271666666666667
4 0.7947695312499999 0.714515625 0.6788242187500001 0.714515625 0.6788242187500001 0.78125 0.7947695312499999 0.78125 0.7947695312499999 0.714515625
4 0.18821744791666667 0.63348046875 0.30250651041666665 0.63348046875 0.30250651041666665 0.5356966145833333 0.18821744791666667 0.5356966145833333 0.18821744791666667 0.63348046875
4 0.16927473958333333 0.7755520833333333 0.2606940104166666 0.7755520833333333 0.2606940104166666 0.659828125 0.16927473958333333 0.659828125 0.16927473958333333 0.7755520833333333
5 0.4461861979166667 0.45431380208333333 0.5959700520833333 0.45431380208333333 0.5959700520833333 0.34298828124999997 0.4461861979166667 0.34298828124999997 0.4461861979166667 0.45431380208333333
5 0.3133723958333333 0.38959374999999996 0.47448177083333326 0.38959374999999996 0.47448177083333326 0.2883020833333333 0.3133723958333333 0.2883020833333333 0.3133723958333333 0.38959374999999996
5 0.78819921875 0.5340299479166666 0.89180078125 0.5340299479166666 0.89180078125 0.3725013020833333 0.78819921875 0.3725013020833333 0.78819921875 0.5340299479166666
3 0.2942747395833333 0.57033984375 0.4658033854166666 0.57033984375 0.4658033854166666 0.3925403645833333 0.2942747395833333 0.3925403645833333 0.2942747395833333 0.57033984375
3 0.7352486979166667 0.7060950520833333 0.8350013020833333 0.7060950520833333 0.8350013020833333 0.4731966145833333 0.7352486979166667 0.4731966145833333 0.7352486979166667 0.7060950520833333
3 0.6878346354166667 0.47483593749999997 0.8444674479166666 0.47483593749999997 0.8444674479166666 0.28396093749999995 0.6878346354166667 0.28396093749999995 0.6878346354166667 0.47483593749999997
3 0.15017968750000002 0.49614453124999996 0.31986197916666664 0.49614453124999996 0.31986197916666664 0.3511888020833333 0.15017968750000002 0.3511888020833333 0.15017968750000002 0.49614453124999996
3 0.19705468750000002 0.37222916666666667 0.3995390625 0.37222916666666667 0.3995390625 0.24220833333333336 0.19705468750000002 0.24220833333333336 0.19705468750000002 0.37222916666666667
3 0.36611458333333335 0.42195312499999993 0.5707239583333333 0.42195312499999993 0.5707239583333333 0.26659895833333336 0.36611458333333335 0.26659895833333336 0.36611458333333335 0.42195312499999993