4 0.30338541666666663 0.7561966145833333 0.421875 0.7561966145833333 0.421875 0.6434908854166667 0.30338541666666663 0.6434908854166667 0.30338541666666663 0.7561966145833333
4 0.2109375 0.6832591145833333 0.30416666666666664 0.6832591145833333 0.30416666666666664 0.5705742187499999 0.2109375 0.5705742187499999 0.2109375 0.6832591145833333
4 0.5690104166666666 0.6561666666666666 0.6802083333333333 0.6561666666666666 0.6802083333333333 0.5627604166666667 0.5690104166666666 0.5627604166666667 0.5690104166666666 0.6561666666666666
4 0.7109375 0.5207083333333333 0.8322916666666667 0.5207083333333333 0.8322916666666667 0.41953125 0.7109375 0.41953125 0.7109375 0.5207083333333333
4 0.8059895833333333 0.5290455729166667 0.93125 0.5290455729166667 0.93125 0.41562630208333334 0.8059895833333333 0.41562630208333334 0.8059895833333333 0.5290455729166667
3 0.0390625 0.6634596354166666 0.203125 0.6634596354166666 0.203125 0.4533841145833333 0.0390625 0.4533841145833333 0.0390625 0.6634596354166666
3 0.3255208333333333 0.63428515625 0.4895833333333333 0.63428515625 0.4895833333333333 0.39739713541666666 0.3255208333333333 0.39739713541666666 0.3255208333333333 0.63428515625
3 0.56640625 0.4634010416666666 0.7 0.4634010416666666 0.7 0.24375 0.56640625 0.24375 0.56640625 0.4634010416666666
3 0.5013020833333333 0.5498854166666666 0.65625 0.5498854166666666 0.65625 0.38697916666666665 0.5013020833333333 0.38697916666666665 0.5013020833333333 0.5498854166666666
3 0.6458333333333333 0.4102604166666667 0.796875 0.4102604166666667 0.796875 0.23854166666666665 0.6458333333333333 0.23854166666666665 0.6458333333333333 0.4102604166666667
3 0.703125 0.7728684895833333 0.8604166666666666 0.7728684895833333 0.8604166666666666 0.60182421875 0.703125 0.60182421875 0.703125 0.7728684895833333