7 0.8147083333333333 0.5156080729166665 0.7316458333333333 0.5156080729166665 0.7316458333333333 0.64283984375 0.8147083333333333 0.64283984375 0.8147083333333333 0.5156080729166665
7 0.9025898437499998 0.5978958333333333 0.7934778645833334 0.5978958333333333 0.7934778645833334 0.7313072916666666 0.9025898437499998 0.7313072916666666 0.9025898437499998 0.5978958333333333
6 0.9759218749999998 0.3436640625 0.8070416666666667 0.3436640625 0.8070416666666667 0.5963203125 0.9759218749999998 0.5963203125 0.9759218749999998 0.3436640625
6 0.8605286458333333 0.2944674479166666 0.7261692708333333 0.2944674479166666 0.7261692708333333 0.5038450520833333 0.8605286458333333 0.5038450520833333 0.8605286458333333 0.2944674479166666
8 0.9600195312499998 0.22324869791666666 0.8880273437499999 0.22324869791666666 0.8880273437499999 0.33188671875 0.9600195312499998 0.33188671875 0.9600195312499998 0.22324869791666666
6 0.7966614583333333 0.34219791666666666 0.7966614583333333 0.21875 0.5630624999999999 0.21875 0.5630624999999999 0.34219791666666666 0.7966614583333333 0.34219791666666666
8 0.5749348958333333 0.3032421875 0.4906953124999999 0.3032421875 0.4906953124999999 0.37417447916666663 0.5749348958333333 0.37417447916666663 0.5749348958333333 0.3032421875
8 0.6273072916666667 0.33073697916666667 0.5291927083333332 0.33073697916666667 0.5291927083333332 0.4026536458333333 0.6273072916666667 0.4026536458333333 0.6273072916666667 0.33073697916666667
8 0.48432031249999996 0.26012109375 0.3922057291666667 0.26012109375 0.3922057291666667 0.3486653645833333 0.48432031249999996 0.3486653645833333 0.48432031249999996 0.26012109375
8 0.33171484375000004 0.31386588541666666 0.25122265625 0.31386588541666666 0.25122265625 0.39439453125 0.33171484375000004 0.39439453125 0.33171484375000004 0.31386588541666666
6 0.24122395833333332 0.38997916666666665 0.05524479166666667 0.38997916666666665 0.05524479166666667 0.5602760416666667 0.24122395833333332 0.5602760416666667 0.24122395833333332 0.38997916666666665
6 0.41058072916666666 0.3363606770833333 0.2202265625 0.3363606770833333 0.2202265625 0.5173059895833333 0.41058072916666666 0.5173059895833333 0.41058072916666666 0.3363606770833333
7 0.35796093749999996 0.48622005208333335 0.22047656249999995 0.48622005208333335 0.22047656249999995 0.58853515625 0.35796093749999996 0.58853515625 0.35796093749999996 0.48622005208333335
7 0.2404739583333333 0.5143437499999999 0.143984375 0.5143437499999999 0.143984375 0.6245104166666666 0.2404739583333333 0.6245104166666666 0.2404739583333333 0.5143437499999999
7 0.21497656249999997 0.633828125 0.11448697916666668 0.633828125 0.11448697916666668 0.7459583333333333 0.21497656249999997 0.7459583333333333 0.21497656249999997 0.633828125
6 0.3749583333333334 0.5548776041666666 0.19310416666666666 0.5548776041666666 0.19310416666666666 0.7009921875 0.3749583333333334 0.7009921875 0.3749583333333334 0.5548776041666666
6 0.5309401041666666 0.37552343749999995 0.34946093749999996 0.37552343749999995 0.34946093749999996 0.5451484375 0.5309401041666666 0.5451484375 0.5309401041666666 0.37552343749999995