11 0.23512890625 0.3926380208333333 0.14326692708333333 0.3926380208333333 0.14326692708333333 0.44067447916666663 0.23512890625 0.44067447916666663 0.23512890625 0.3926380208333333
9 0.4765546875 0.32104817708333333 0.2589348958333334 0.32104817708333333 0.2589348958333334 0.4434153645833333 0.4765546875 0.4434153645833333 0.4765546875 0.32104817708333333
9 0.25798697916666663 0.43619531249999993 0.1888984375 0.43619531249999993 0.1888984375 0.5998619791666666 0.25798697916666663 0.5998619791666666 0.25798697916666663 0.43619531249999993
9 0.25419010416666665 0.3520625 0.18587760416666665 0.3520625 0.18587760416666665 0.4059166666666666 0.25419010416666665 0.4059166666666666 0.25419010416666665 0.3520625
9 0.4793997395833333 0.622265625 0.26997526041666664 0.622265625 0.26997526041666664 0.7216979166666666 0.4793997395833333 0.7216979166666666 0.4793997395833333 0.622265625
10 0.8375286458333331 0.6181927083333333 0.7249661458333333 0.6181927083333333 0.7249661458333333 0.7444010416666667 0.8375286458333331 0.7444010416666667 0.8375286458333331 0.6181927083333333
9 0.7236731770833333 0.6554411458333333 0.747134375 0.6444070312499999 0.7719755208333333 0.63475234375 0.7740455729166666 0.6123393229166666 0.7505843750000001 0.6009606770833333 0.7253981770833333 0.58716796875 0.6836510416666666 0.5961333333333333 0.6284484375 0.6116497395833334 0.58911640625 0.6316489583333332 0.5697955729166666 0.6419932291666666 0.5687604166666667 0.6626820312499999 0.5742807291666666 0.6840604166666666 0.5884265624999999 0.6840604166666666 0.6387989583333333 0.6706127604166666 0.6770958333333332 0.6647510416666667 0.7236731770833333 0.6554411458333333
9 0.7992330729166666 0.5057604166666666 0.5101940104166667 0.5057604166666666 0.5101940104166667 0.5894375000000001 0.7992330729166666 0.5894375000000001 0.7992330729166666 0.5057604166666666
11 0.857796875 0.5086497395833334 0.7936249999999999 0.5086497395833334 0.7936249999999999 0.5537877604166667 0.857796875 0.5537877604166667 0.857796875 0.5086497395833334
9 0.94586328125 0.5621263020833334 0.8444283854166666 0.5621263020833334 0.8444283854166666 0.7400924479166666 0.94586328125 0.7400924479166666 0.94586328125 0.5621263020833334
10 0.6822708333333333 0.3785833333333333 0.5601354166666667 0.3785833333333333 0.5601354166666667 0.5150625 0.6822708333333333 0.5150625 0.6822708333333333 0.3785833333333333
9 0.4144515624999999 0.5585809895833334 0.4296322916666666 0.5437541666666666 0.4382578125 0.5516846354166667 0.4651692708333333 0.5496158854166666 0.48242005208333333 0.53409921875 0.5058812500000001 0.5120312499999999 0.5227869791666666 0.48479114583333327 0.5058812500000001 0.4603093749999999 0.47137942708333325 0.44444791666666666 0.45688880208333327 0.44065494791666665 0.43791276041666666 0.4523786458333333 0.41479661458333333 0.47479140624999994 0.3920255208333333 0.49168723958333327 0.36683932291666665 0.5127208333333333 0.34648333333333337 0.52341015625 0.3209520833333333 0.5365130208333333 0.29404062499999994 0.545478125 0.29335078125 0.5668565104166666 0.3099114583333333 0.5782354166666666 0.3199169270833333 0.58375234375 0.3468283854166666 0.5844419270833333 0.3868502604166667 0.57513203125 0.4144515624999999 0.5585809895833334
9 0.6199955729166666 0.3655596354166667 0.6434567708333333 0.38004192708333334 0.6727830729166666 0.4041786458333333 0.7034895833333333 0.42486744791666664 0.7355760416666667 0.44383229166666666 0.7704229166666666 0.4496940104166667 0.7959541666666666 0.43521197916666665 0.78801875 0.4183161458333333 0.78525859375 0.3962481770833333 0.8021643229166667 0.36866302083333335 0.7900888020833332 0.35659453124999996 0.7628325520833333 0.3541809895833333 0.7400614583333333 0.34693984375 0.7172903645833333 0.32969921874999997 0.6869289062499999 0.31797552083333336 0.6607075520833334 0.31038958333333333 0.63034609375 0.3021140625 0.5979143229166667 0.291425 0.5706580729166667 0.28349427083333334 0.5503020833333332 0.2938385416666667 0.5399515625 0.3119908854166667 0.55547734375 0.32831979166666664 0.5844588541666667 0.34521588541666665 0.6199955729166666 0.3655596354166667