10 0.31766406249999996 0.5014075520833333 0.45829427083333324 0.5014075520833333 0.45829427083333324 0.3645299479166667 0.31766406249999996 0.3645299479166667 0.31766406249999996 0.5014075520833333
10 0.33257812499999995 0.6406119791666667 0.4803125 0.6406119791666667 0.4803125 0.46396614583333323 0.33257812499999995 0.46396614583333323 0.33257812499999995 0.6406119791666667
10 0.27575651041666666 0.7773658854166666 0.43414453124999997 0.7773658854166666 0.43414453124999997 0.6732643229166666 0.27575651041666666 0.6732643229166666 0.27575651041666666 0.7773658854166666
11 0.036401041666666675 0.6086705729166667 0.18058333333333335 0.6086705729166667 0.18058333333333335 0.5127981770833333 0.036401041666666675 0.5127981770833333 0.036401041666666675 0.6086705729166667
9 0.15892057291666667 0.7052083333333333 0.33683984375000003 0.7052083333333333 0.33683984375000003 0.5394322916666667 0.15892057291666667 0.5394322916666667 0.15892057291666667 0.7052083333333333
11 0.7079492187499999 0.6965768229166667 0.8034778645833333 0.6965768229166667 0.8034778645833333 0.59021484375 0.7079492187499999 0.59021484375 0.7079492187499999 0.6965768229166667
11 0.7813723958333334 0.7809895833333333 0.8565859374999999 0.7809895833333333 0.8565859374999999 0.7156145833333334 0.7813723958333334 0.7156145833333334 0.7813723958333334 0.7809895833333333
10 0.45586458333333335 0.7394778645833333 0.6054947916666666 0.7394778645833333 0.6054947916666666 0.63988671875 0.45586458333333335 0.63988671875 0.45586458333333335 0.7394778645833333
9 0.6046901041666667 0.7528502604166667 0.7862317708333333 0.7528502604166667 0.7862317708333333 0.6251393229166666 0.6046901041666667 0.6251393229166666 0.6046901041666667 0.7528502604166667
9 0.4793268229166666 0.6232526041666666 0.72160546875 0.6232526041666666 0.72160546875 0.46558593749999994 0.4793268229166666 0.46558593749999994 0.4793268229166666 0.6232526041666666
10 0.7173151041666666 0.531953125 0.9077057291666666 0.531953125 0.9077057291666666 0.3055989583333333 0.7173151041666666 0.3055989583333333 0.7173151041666666 0.531953125
10 0.5600416666666665 0.37642447916666666 0.7112812500000001 0.37642447916666666 0.7112812500000001 0.23221614583333333 0.5600416666666665 0.23221614583333333 0.5600416666666665 0.37642447916666666
11 0.2909479166666666 0.21875 0.2909479166666666 0.27184375 0.41041145833333326 0.27184375 0.41041145833333326 0.21875 0.2909479166666666 0.21875
9 0.3996861979166667 0.3315091145833333 0.5745221354166666 0.3315091145833333 0.5745221354166666 0.22953776041666668 0.3996861979166667 0.22953776041666668 0.3996861979166667 0.3315091145833333