10 0.18476822916666666 0.4158828124999999 0.045065104166666654 0.4158828124999999 0.045065104166666654 0.5382161458333333 0.18476822916666666 0.5382161458333333 0.18476822916666666 0.4158828124999999
9 0.3064453125 0.5372109374999999 0.12133072916666668 0.5372109374999999 0.12133072916666668 0.6941692708333334 0.3064453125 0.6941692708333334 0.3064453125 0.5372109374999999
11 0.3963424479166666 0.65738671875 0.29719921875 0.65738671875 0.29719921875 0.7163424479166667 0.3963424479166666 0.7163424479166667 0.3963424479166666 0.65738671875
10 0.40300911458333327 0.2770625 0.2625169270833333 0.2770625 0.2625169270833333 0.48039062499999996 0.40300911458333327 0.48039062499999996 0.40300911458333327 0.2770625
10 0.5239960937499999 0.38001041666666663 0.38474869791666666 0.38001041666666663 0.38474869791666666 0.4710989583333333 0.5239960937499999 0.4710989583333333 0.5239960937499999 0.38001041666666663
10 0.6752799479166666 0.4109166666666667 0.6752799479166666 0.21875 0.5582356770833333 0.21875 0.5582356770833333 0.4109166666666667 0.6752799479166666 0.4109166666666667
10 0.8466927083333333 0.31861979166666665 0.7134635416666666 0.31861979166666665 0.7134635416666666 0.4524218749999999 0.8466927083333333 0.4524218749999999 0.8466927083333333 0.31861979166666665
10 0.9483815104166666 0.6056614583333333 0.82884765625 0.6056614583333333 0.82884765625 0.7471041666666667 0.9483815104166666 0.7471041666666667 0.9483815104166666 0.6056614583333333
9 0.61551171875 0.47524869791666663 0.42438411458333325 0.47524869791666663 0.42438411458333325 0.6471419270833334 0.61551171875 0.6471419270833334 0.61551171875 0.47524869791666663
11 0.9929973958333331 0.35619140624999995 0.9060442708333334 0.35619140624999995 0.9060442708333334 0.43739192708333335 0.9929973958333331 0.43739192708333335 0.9929973958333331 0.35619140624999995
9 0.9494166666666665 0.4360885416666667 0.7906614583333333 0.4360885416666667 0.7906614583333333 0.6124375 0.9494166666666665 0.6124375 0.9494166666666665 0.4360885416666667
9 0.6400010416666666 0.6104848958333333 0.6184184895833333 0.6212697916666666 0.5960059895833333 0.6295658854166666 0.5760838541666666 0.6362026041666666 0.5503510416666666 0.6444986979166666 0.5345791666666667 0.6577721354166666 0.5188075520833333 0.66855703125 0.49473489583333324 0.6793419270833333 0.47232239583333335 0.6934450520833333 0.45406041666666663 0.7108666666666666 0.4341382812499999 0.7233106770833333 0.41753619791666663 0.736584375 0.42832760416666665 0.7589835937499999 0.44077890624999994 0.7739164062499999 0.4573807291666666 0.7730867187499999 0.48228333333333334 0.7664500000000001 0.50635625 0.7631315104166667 0.53374921875 0.7540059895833332 0.5545015624999999 0.7606427083333334 0.5735934895833333 0.7556651041666667 0.5901953124999999 0.7399028645833333 0.5943458333333334 0.7191627604166666 0.6159283854166666 0.7092075520833333 0.6283796875000001 0.7216515625 0.6483018229166666 0.7257994791666667 0.6657338541666666 0.7058890625 0.6856559895833333 0.7034002604166666 0.7047481770833334 0.7075481770833333 0.7213499999999999 0.6926153645833333 0.6947869791666667 0.6793419270833333 0.66822421875 0.6743643229166667 0.6607533854166666 0.6536242187499999 0.6665638020833333 0.6312249999999999 0.68275078125 0.61013828125 0.6790153645833332 0.5988705729166666 0.6582630208333333 0.6055072916666666 0.6400010416666666 0.6104848958333333