10 0.3758906249999999 0.41513932291666666 0.24826041666666665 0.41513932291666666 0.24826041666666665 0.6174856770833334 0.3758906249999999 0.6174856770833334 0.3758906249999999 0.41513932291666666
10 0.21285546875 0.42875911458333327 0.05283723958333333 0.42875911458333327 0.05283723958333333 0.5660950520833332 0.21285546875 0.5660950520833332 0.21285546875 0.42875911458333327
9 0.35928645833333334 0.299375 0.18732812499999998 0.299375 0.18732812499999998 0.42336979166666666 0.35928645833333334 0.42336979166666666 0.35928645833333334 0.299375
9 0.4424510416666666 0.31418880208333333 0.46880052083333335 0.35478671874999995 0.5066776041666666 0.39703072916666665 0.5462018229166666 0.4222671875 0.5725513020833334 0.42775338541666663 0.591215625 0.39264166666666667 0.5698065104166666 0.36191874999999996 0.5440059895833333 0.3262583333333333 0.5220481770833333 0.2971815104166667 0.4863666666666666 0.2681044270833334 0.4633109375 0.24177057291666668 0.43311874999999994 0.22531197916666668 0.41239609374999997 0.23192473958333334 0.4171994791666666 0.25219453124999996 0.4133567708333333 0.27743098958333334 0.4424510416666666 0.31418880208333333
9 0.6049390625 0.39648203125 0.6411695312499999 0.4112947916666666 0.6614807291666666 0.3844122395833333 0.6746554687499999 0.34984921875 0.6944174479166667 0.2971815104166667 0.7092390625 0.2505484375 0.7103369791666666 0.22805494791666664 0.6922216145833333 0.21982578125000002 0.6658721354166667 0.21982578125000002 0.6428164062499999 0.2318953125 0.6159182291666667 0.24945130208333333 0.5780408854166666 0.2648127604166667 0.5549848958333332 0.27304218750000003 0.5258908854166666 0.27743098958333334 0.5269888020833333 0.28407473958333335 0.5555341145833333 0.3229666666666667 0.5906666666666667 0.35204375 0.6049390625 0.39648203125
10 0.6878229166666665 0.4840833333333333 0.5482760416666667 0.4840833333333333 0.5482760416666667 0.598421875 0.6878229166666665 0.598421875 0.6878229166666665 0.4840833333333333
10 0.6019830729166665 0.5743268229166667 0.46937109374999997 0.5743268229166667 0.46937109374999997 0.67893359375 0.6019830729166665 0.67893359375 0.6019830729166665 0.5743268229166667
9 0.6493046874999999 0.6453111979166666 0.5381536458333334 0.6453111979166666 0.5381536458333334 0.78037109375 0.6493046874999999 0.78037109375 0.6493046874999999 0.6453111979166666
10 0.8022773437499999 0.5756523437500001 0.71203515625 0.5756523437500001 0.71203515625 0.6990247395833333 0.8022773437499999 0.6990247395833333 0.8022773437499999 0.5756523437500001
9 0.85069921875 0.37421484374999997 0.7216080729166666 0.37421484374999997 0.7216080729166666 0.5886341145833333 0.85069921875 0.5886341145833333 0.85069921875 0.37421484374999997
11 0.9330182291666667 0.2821315104166667 0.8388151041666667 0.2821315104166667 0.8388151041666667 0.35083203125 0.9330182291666667 0.35083203125 0.9330182291666667 0.2821315104166667