7 0.04757161458333333 0.45282161458333337 0.0000013020833333358498 0.45282161458333337 0.0000013020833333358498 0.5877877604166667 0.04757161458333333 0.5877877604166667 0.04757161458333333 0.45282161458333337
6 0.18698437499999998 0.2782513020833333 0.024755208333333334 0.2782513020833333 0.024755208333333334 0.52297265625 0.18698437499999998 0.52297265625 0.18698437499999998 0.2782513020833333
6 0.19465625 0.42951953125 0.08718229166666666 0.42951953125 0.08718229166666666 0.7023450520833333 0.19465625 0.7023450520833333 0.19465625 0.42951953125
7 0.06892968749999998 0.78125 0.1558203125 0.78125 0.1558203125 0.6911653645833333 0.06892968749999998 0.6911653645833333 0.06892968749999998 0.78125
7 0.3082447916666667 0.5062161458333334 0.19844270833333333 0.5062161458333334 0.19844270833333333 0.6206953125 0.3082447916666667 0.6206953125 0.3082447916666667 0.5062161458333334
7 0.3135833333333333 0.22321484375000003 0.21882812499999998 0.22321484375000003 0.21882812499999998 0.34746744791666667 0.3135833333333333 0.34746744791666667 0.3135833333333333 0.22321484375000003
6 0.3087291666666666 0.33340625 0.18815104166666666 0.33340625 0.18815104166666666 0.5018020833333333 0.3087291666666666 0.5018020833333333 0.3087291666666666 0.33340625
8 0.5727018229166665 0.47223828124999995 0.5128971354166666 0.47223828124999995 0.5128971354166666 0.5542200520833334 0.5727018229166665 0.5542200520833334 0.5727018229166665 0.47223828124999995
8 0.7310468749999999 0.43874348958333337 0.661921875 0.43874348958333337 0.661921875 0.5102304687499999 0.7310468749999999 0.5102304687499999 0.7310468749999999 0.43874348958333337
8 0.76696875 0.44796614583333333 0.7065833333333332 0.44796614583333333 0.7065833333333332 0.5195442708333333 0.76696875 0.5195442708333333 0.76696875 0.44796614583333333
7 0.6596901041666666 0.4047643229166667 0.5868776041666666 0.4047643229166667 0.5868776041666666 0.5262408854166666 0.6596901041666666 0.5262408854166666 0.6596901041666666 0.4047643229166667
7 0.7436692708333333 0.3678723958333333 0.6548359375 0.3678723958333333 0.6548359375 0.4633671875 0.7436692708333333 0.4633671875 0.7436692708333333 0.3678723958333333
8 0.6462929687499999 0.32078645833333336 0.55056640625 0.32078645833333336 0.55056640625 0.393609375 0.6462929687499999 0.393609375 0.6462929687499999 0.32078645833333336
6 0.31368072916666667 0.5848880208333334 0.3478544270833333 0.5716921875 0.37814479166666665 0.550734375 0.4029986979166667 0.5321052083333333 0.44455078124999997 0.5064898437500001 0.47678307291666666 0.48514374999999993 0.5051317708333333 0.45525937499999997 0.5268786458333332 0.4339135416666666 0.5447421875 0.4102388020833333 0.5361986979166666 0.38501171875 0.5210536458333334 0.3706515625 0.4876565104166667 0.3663825520833333 0.45115260416666664 0.3772494791666666 0.4150369791666666 0.39199765624999994 0.3796981770833333 0.4055815104166666 0.3482427083333333 0.42227031249999997 0.3210591145833333 0.4401231770833333 0.2915453125 0.4719481770833333 0.2830018229166667 0.48087473958333327 0.274846875 0.4932942708333333 0.29232213541666663 0.5324932291666666 0.2958171875 0.56819921875 0.31368072916666667 0.5848880208333334
6 0.44998749999999993 0.3145713541666667 0.45620104166666664 0.34911302083333334 0.4639677083333333 0.3669661458333333 0.47328802083333327 0.37589244791666665 0.5144518229166666 0.3665778645833333 0.5478489583333332 0.3568752604166666 0.5626057291666666 0.3495010416666667 0.5614408854166666 0.302928125 0.5606640624999999 0.25790729166666665 0.5521205729166667 0.23112786458333331 0.5408588541666667 0.22297760416666668 0.5195002604166666 0.21875 0.49386979166666667 0.21875 0.47445286458333324 0.21987265625000002 0.4519291666666666 0.21909661458333335 0.4393083333333333 0.22273046875000002 0.4410557291666667 0.24975703124999998 0.44493932291666666 0.2784770833333333 0.44998749999999993 0.3145713541666667
6 0.5596932291666666 0.30322343749999997 0.5589166666666665 0.3334958333333333 0.56241171875 0.3494083333333333 0.5903721354166667 0.33970572916666664 0.6121190104166666 0.3234052083333333 0.6218276041666667 0.32418125 0.6241575520833333 0.3470796875 0.6342544270833332 0.3552299479166666 0.6459044270833333 0.36570911458333333 0.63619609375 0.3835619791666667 0.5965854166666666 0.38550260416666665 0.5783335937499999 0.389771875 0.5767802083333333 0.4076247395833333 0.5872653645833333 0.4165513020833333 0.6206625 0.4095653645833333 0.6505645833333333 0.4060723958333333 0.6602731770833333 0.3936528645833333 0.6583315104166666 0.35406562499999994 0.6598846354166665 0.3331078125 0.6598846354166665 0.3152549479166667 0.6540596354166667 0.28692291666666664 0.6567778645833333 0.26480052083333333 0.6575546875 0.24112604166666668 0.6509528645833333 0.22715416666666668 0.6264875 0.21875 0.6082356770833333 0.21875 0.5934789062499999 0.21875 0.5736734374999999 0.21875 0.5694018229166666 0.21933255208333335 0.5604700520833333 0.24229036458333333 0.5604700520833333 0.2671294270833333 0.5596932291666666 0.30322343749999997
6 0.7473580729166667 0.35077317708333333 0.7516296874999999 0.32476979166666664 0.7547364583333334 0.29410911458333333 0.7593966145833333 0.26965833333333333 0.7597848958333333 0.24287890625 0.7601731770833333 0.22502578125 0.7512414062499999 0.21959218749999998 0.7256109374999999 0.21875 0.7069708333333333 0.21875 0.68289375 0.21875 0.6677486979166667 0.21920416666666664 0.6599817708333333 0.22735442708333334 0.6553216145833333 0.24908854166666666 0.65648671875 0.2793609375 0.65571015625 0.29954270833333335 0.6541567708333333 0.32632213541666666 0.6580401041666666 0.34805625 0.661146875 0.3664158854166667 0.692990625 0.36668567708333333 0.7287177083333333 0.36086406249999997 0.7473580729166667 0.35077317708333333
6 0.8268703124999999 0.4183041666666666 0.8579374999999999 0.40316796874999994 0.8855096354166665 0.39152447916666666 0.9200716145833333 0.3717309895833333 0.9371585937499999 0.3600877604166667 0.9596822916666665 0.3391299479166666 0.9740507812499999 0.33020338541666666 0.9888075520833333 0.30885729166666664 0.9775458333333333 0.29216875 0.9666723958333332 0.2587911458333333 0.9449252604166667 0.23434036458333335 0.9367703124999999 0.23239973958333335 0.9196833333333332 0.24598359374999998 0.9002664062499999 0.2607317708333333 0.8723059895833334 0.27858489583333335 0.8525007812500001 0.29139244791666663 0.8288119791666666 0.3100216145833333 0.8117252604166666 0.32632213541666666 0.79386171875 0.34339895833333334 0.7756096354166666 0.36241640625 0.7600760416666666 0.37949322916666667 0.7519210937499999 0.3891958333333333 0.746484375 0.40472031249999996 0.7561927083333334 0.4346046875 0.7857065104166666 0.43809765624999997 0.8268703124999999 0.4183041666666666
6 0.78958984375 0.234134375 0.77405625 0.25897317708333334 0.7608528645833333 0.29041015625 0.752309375 0.32417552083333334 0.7426979166666666 0.360590625 0.7534744791666667 0.37424166666666664 0.7659013020833333 0.36803203125 0.7884247395833333 0.34746223958333333 0.8074533854166667 0.32766848958333333 0.82648203125 0.3074869791666667 0.8606559895833332 0.2857528645833333 0.8816263020833333 0.2717809895833333 0.9080330729166667 0.25159921875 0.9235666666666666 0.234134375 0.9340518229166666 0.21938619791666664 0.9204601562499999 0.21875 0.8940531249999999 0.21875 0.86259765625 0.21875 0.8299770833333333 0.21875 0.8051234375 0.22171484375 0.7961916666666667 0.2259841145833333 0.78958984375 0.234134375