4 0.00000469 0.54429219 0.12342812 0.54429219 0.12342812 0.44802031 0.00000469 0.44802031 0.00000469 0.54429219
4 0.22135937 0.32329219 0.32459375 0.32329219 0.32459375 0.23882188 0.22135937 0.23882188 0.22135937 0.32329219
4 0.09722812 0.36275625 0.21099531 0.36275625 0.21099531 0.29611250 0.09722812 0.29611250 0.09722812 0.36275625
4 0.70404844 0.65548750 0.61545625 0.65548750 0.61545625 0.78125000 0.70404844 0.78125000 0.70404844 0.65548750
4 0.30382344 0.69899219 0.40348281 0.69899219 0.40348281 0.58604375 0.30382344 0.58604375 0.30382344 0.69899219
4 0.13542187 0.61217031 0.23623906 0.61217031 0.23623906 0.53395938 0.13542187 0.53395938 0.13542187 0.61217031
4 0.67187969 0.48904375 0.76163594 0.48904375 0.76163594 0.42719062 0.67187969 0.42719062 0.67187969 0.48904375
5 0.74392969 0.46615156 0.84367969 0.46615156 0.84367969 0.33951406 0.74392969 0.33951406 0.74392969 0.46615156
5 0.69965781 0.44484062 0.78845625 0.44484062 0.78845625 0.32736250 0.69965781 0.32736250 0.69965781 0.44484062
5 0.56858125 0.40143281 0.70877813 0.40143281 0.70877813 0.31347344 0.56858125 0.31347344 0.56858125 0.40143281
5 0.40712344 0.47088906 0.55652813 0.47088906 0.55652813 0.36035000 0.40712344 0.36035000 0.40712344 0.47088906
5 0.23958906 0.54665938 0.39717188 0.54665938 0.39717188 0.49576719 0.23958906 0.49576719 0.23958906 0.54665938
3 0.40538594 0.52298281 0.65434844 0.52298281 0.65434844 0.43587031 0.40538594 0.43587031 0.40538594 0.52298281
3 0.38108125 0.38012031 0.57151250 0.38012031 0.57151250 0.24663438 0.38108125 0.24663438 0.38108125 0.38012031
3 0.23351094 0.41563906 0.43267031 0.41563906 0.43267031 0.30305781 0.23351094 0.30305781 0.23351094 0.41563906
3 0.12153125 0.51351094 0.33642656 0.51351094 0.33642656 0.41337969 0.12153125 0.41337969 0.12153125 0.51351094
3 0.62595937 0.65163594 0.74585781 0.65163594 0.74585781 0.47059375 0.62595937 0.47059375 0.62595937 0.65163594
3 0.39149687 0.63427031 0.56914844 0.63427031 0.56914844 0.50775469 0.39149687 0.50775469 0.39149687 0.63427031
