10 0.32806719 0.70405469 0.40526719 0.70405469 0.40526719 0.62637813 0.32806719 0.62637813 0.32806719 0.70405469
9 0.19508906 0.77287812 0.33472969 0.77287812 0.33472969 0.66490313 0.19508906 0.66490313 0.19508906 0.77287812
10 0.50890156 0.73422188 0.60993594 0.73422188 0.60993594 0.63536563 0.50890156 0.63536563 0.50890156 0.73422188
11 0.36940312 0.53440781 0.44960625 0.53440781 0.44960625 0.47006094 0.36940312 0.47006094 0.36940312 0.53440781
9 0.36042969 0.68036406 0.52729375 0.68036406 0.52729375 0.53721875 0.36042969 0.53721875 0.36042969 0.68036406
10 0.24247187 0.41763594 0.38390313 0.41763594 0.38390313 0.33181719 0.24247187 0.33181719 0.24247187 0.41763594
11 0.37236406 0.46924687 0.44845937 0.46924687 0.44845937 0.40224219 0.37236406 0.40224219 0.37236406 0.46924687
9 0.14700781 0.52711719 0.36042969 0.52711719 0.36042969 0.40615313 0.14700781 0.40615313 0.14700781 0.52711719
10 0.47437812 0.21875000 0.47437812 0.40585938 0.57991406 0.40585938 0.57991406 0.21875000 0.47437812 0.21875000
11 0.63947969 0.31218281 0.72183750 0.31218281 0.72183750 0.23107344 0.63947969 0.23107344 0.63947969 0.31218281
9 0.55732187 0.54419219 0.70520938 0.54419219 0.70520938 0.31323438 0.55732187 0.31323438 0.55732187 0.54419219
10 0.63586250 0.65381406 0.82160469 0.65381406 0.82160469 0.51093125 0.63586250 0.51093125 0.63586250 0.65381406
