10 0.24301563 0.43520938 0.10137500 0.43520938 0.10137500 0.57138437 0.24301563 0.57138437 0.24301563 0.43520938
9 0.28128281 0.56300156 0.17562344 0.56300156 0.17562344 0.75750469 0.28128281 0.75750469 0.28128281 0.56300156
11 0.42863438 0.51445469 0.33197031 0.51445469 0.33197031 0.62051406 0.42863438 0.62051406 0.42863438 0.51445469
9 0.37837500 0.78125000 0.52344219 0.78125000 0.52344219 0.61154687 0.37837500 0.61154687 0.37837500 0.78125000
10 0.47261094 0.25083281 0.25672187 0.25083281 0.25672187 0.46590625 0.47261094 0.46590625 0.47261094 0.25083281
10 0.54685625 0.32526563 0.45476250 0.32526563 0.45476250 0.45689063 0.54685625 0.45689063 0.54685625 0.32526563
10 0.69763594 0.27314844 0.49831094 0.27314844 0.49831094 0.43348750 0.69763594 0.43348750 0.69763594 0.27314844
10 0.81957344 0.27814688 0.69706563 0.27814688 0.69706563 0.41636250 0.81957344 0.41636250 0.81957344 0.27814688
10 0.80329688 0.60369375 0.64894844 0.60369375 0.64894844 0.68001406 0.80329688 0.68001406 0.80329688 0.60369375
11 0.99733906 0.35810625 0.89810469 0.35810625 0.89810469 0.43685625 0.99733906 0.43685625 0.99733906 0.35810625
9 0.93808125 0.42949531 0.77930781 0.42949531 0.77930781 0.58868594 0.93808125 0.58868594 0.93808125 0.42949531
9 0.63766875 0.45020156 0.47189844 0.45020156 0.47189844 0.64862031 0.63766875 0.64862031 0.63766875 0.45020156
11 0.59826094 0.65489844 0.52458281 0.65489844 0.52458281 0.75861250 0.59826094 0.75861250 0.59826094 0.65489844
