10 0.23435156 0.25729531 0.04981563 0.25729531 0.04981563 0.48855312 0.23435156 0.48855312 0.23435156 0.25729531
10 0.39827031 0.31812500 0.24446875 0.31812500 0.24446875 0.47626563 0.39827031 0.47626563 0.39827031 0.31812500
9 0.33936250 0.46795938 0.17480313 0.46795938 0.17480313 0.60414375 0.33936250 0.60414375 0.33936250 0.46795938
11 0.16712031 0.57617031 0.06851406 0.57617031 0.06851406 0.63836094 0.16712031 0.63836094 0.16712031 0.57617031
11 0.21015000 0.61779063 0.12357969 0.61779063 0.12357969 0.68853281 0.21015000 0.68853281 0.21015000 0.61779063
10 0.56795313 0.54607656 0.43348906 0.54607656 0.43348906 0.64426094 0.56795313 0.64426094 0.56795313 0.54607656
9 0.44373438 0.56592500 0.24856719 0.56592500 0.24856719 0.71286250 0.44373438 0.71286250 0.44373438 0.56592500
10 0.55258438 0.40520625 0.39404531 0.40520625 0.39404531 0.50808437 0.55258438 0.50808437 0.55258438 0.40520625
10 0.59638281 0.25409687 0.38162187 0.25409687 0.38162187 0.39225312 0.59638281 0.39225312 0.59638281 0.25409687
10 0.77822969 0.22848281 0.63198281 0.22848281 0.63198281 0.35539219 0.77822969 0.35539219 0.77822969 0.22848281
11 0.98415312 0.45899375 0.90987812 0.45899375 0.90987812 0.54067813 0.98415312 0.54067813 0.98415312 0.45899375
11 0.82663906 0.62995625 0.70805312 0.62995625 0.70805312 0.73255781 0.82663906 0.73255781 0.82663906 0.62995625
9 0.76132656 0.40712969 0.59612656 0.40712969 0.59612656 0.63745781 0.76132656 0.63745781 0.76132656 0.40712969
9 0.93152187 0.35334219 0.73187344 0.35334219 0.73187344 0.48370469 0.93152187 0.48370469 0.93152187 0.35334219
