10 0.20480469 0.35853281 0.43083594 0.35853281 0.43083594 0.25287969 0.20480469 0.25287969 0.20480469 0.35853281
10 0.22663437 0.49177969 0.41086094 0.49177969 0.41086094 0.40033438 0.22663437 0.40033438 0.22663437 0.49177969
9 0.16545625 0.62024062 0.26208906 0.62024062 0.26208906 0.46777031 0.16545625 0.46777031 0.16545625 0.62024062
11 0.09371406 0.70309375 0.18631250 0.70309375 0.18631250 0.60958906 0.09371406 0.60958906 0.09371406 0.70309375
10 0.25722188 0.58192500 0.35733125 0.58192500 0.35733125 0.47958594 0.25722188 0.47958594 0.25722188 0.58192500
10 0.47996406 0.68504688 0.62706719 0.68504688 0.62706719 0.55536406 0.47996406 0.55536406 0.47996406 0.68504688
9 0.29476250 0.74229687 0.47106563 0.74229687 0.47106563 0.57274531 0.29476250 0.57274531 0.29476250 0.74229687
11 0.81157187 0.67448750 0.90444844 0.67448750 0.90444844 0.58108594 0.81157187 0.58108594 0.81157187 0.67448750
9 0.57006094 0.61779219 0.80322969 0.61779219 0.80322969 0.46498906 0.57006094 0.46498906 0.57006094 0.61779219
10 0.43616563 0.51376719 0.59856406 0.51376719 0.59856406 0.34541563 0.43616563 0.34541563 0.43616563 0.51376719
10 0.59355781 0.40815781 0.74677969 0.40815781 0.74677969 0.31607656 0.59355781 0.31607656 0.59355781 0.40815781
9 0.74330469 0.46221250 0.92183125 0.46221250 0.92183125 0.33776719 0.74330469 0.33776719 0.74330469 0.46221250
11 0.92043906 0.37272500 0.99273750 0.37272500 0.99273750 0.29744687 0.92043906 0.29744687 0.92043906 0.37272500
