4 0.04774844 0.75503125 0.17865156 0.75503125 0.17865156 0.63378594 0.04774844 0.63378594 0.04774844 0.75503125
4 0.08594219 0.55534063 0.15971875 0.55534063 0.15971875 0.45496562 0.08594219 0.45496562 0.08594219 0.55534063
4 0.21528281 0.55928750 0.30408125 0.55928750 0.30408125 0.46017500 0.21528281 0.46017500 0.21528281 0.55928750
4 0.65972812 0.62164063 0.74112656 0.62164063 0.74112656 0.49055781 0.65972812 0.49055781 0.65972812 0.62164063
4 0.03299063 0.35881094 0.11948281 0.35881094 0.11948281 0.28395938 0.03299063 0.28395938 0.03299063 0.35881094
5 0.32552656 0.51272031 0.43977031 0.51272031 0.43977031 0.36382188 0.32552656 0.36382188 0.32552656 0.51272031
5 0.48698438 0.42826719 0.64961406 0.42826719 0.64961406 0.24663438 0.48698438 0.24663438 0.48698438 0.42826719
5 0.77951875 0.56323594 0.91152344 0.56323594 0.91152344 0.35813438 0.77951875 0.35813438 0.77951875 0.56323594
3 0.68854688 0.71951250 0.83579219 0.71951250 0.83579219 0.48361250 0.68854688 0.48361250 0.68854688 0.71951250
3 0.69912500 0.47404687 0.87681250 0.47404687 0.87681250 0.29003594 0.69912500 0.29003594 0.69912500 0.47404687
4 0.28751562 0.66850937 0.18403125 0.66850937 0.18403125 0.78125000 0.28751562 0.78125000 0.28751562 0.66850937
3 0.13977813 0.63979531 0.28830469 0.63979531 0.28830469 0.49055781 0.13977813 0.49055781 0.13977813 0.63979531
3 0.24504844 0.44089531 0.40584688 0.44089531 0.40584688 0.25618281 0.24504844 0.25618281 0.24504844 0.44089531
3 0.12637500 0.44247500 0.29382812 0.44247500 0.29382812 0.27527969 0.12637500 0.27527969 0.12637500 0.44247500
3 0.24813281 0.66347188 0.39796094 0.66347188 0.39796094 0.46104219 0.24813281 0.46104219 0.24813281 0.66347188
