10 0.12246719 0.45212344 0.03686562 0.45212344 0.03686562 0.61653750 0.12246719 0.61653750 0.12246719 0.45212344
10 0.23217500 0.57854063 0.12239375 0.57854063 0.12239375 0.65423594 0.23217500 0.65423594 0.23217500 0.57854063
11 0.32740156 0.51808906 0.25299531 0.51808906 0.25299531 0.58931094 0.32740156 0.58931094 0.32740156 0.51808906
9 0.37755156 0.56883750 0.22687500 0.56883750 0.22687500 0.69044844 0.37755156 0.69044844 0.37755156 0.56883750
11 0.41919375 0.67406563 0.33919062 0.67406563 0.33919062 0.74656406 0.41919375 0.74656406 0.41919375 0.67406563
10 0.76383594 0.62125937 0.62002344 0.62125937 0.62002344 0.77854844 0.76383594 0.77854844 0.76383594 0.62125937
9 0.62591875 0.61506562 0.41494063 0.61506562 0.41494063 0.73194531 0.62591875 0.73194531 0.62591875 0.61506562
10 0.73011875 0.32273750 0.64174062 0.32273750 0.64174062 0.43102812 0.73011875 0.43102812 0.73011875 0.32273750
10 0.93149688 0.54430156 0.86841406 0.54430156 0.86841406 0.64774531 0.93149688 0.64774531 0.93149688 0.54430156
11 0.88817812 0.25814375 0.83118594 0.25814375 0.83118594 0.33603906 0.88817812 0.33603906 0.88817812 0.25814375
9 0.89792500 0.34613594 0.81561719 0.34613594 0.81561719 0.55521406 0.89792500 0.55521406 0.89792500 0.34613594
11 0.46040156 0.25340625 0.39664062 0.25340625 0.39664062 0.32357812 0.46040156 0.32357812 0.46040156 0.25340625
9 0.64992187 0.28183281 0.46229687 0.28183281 0.46229687 0.42152656 0.64992187 0.42152656 0.64992187 0.28183281
10 0.52862813 0.36373594 0.29903750 0.36373594 0.29903750 0.48809219 0.52862813 0.48809219 0.52862813 0.36373594
10 0.30458906 0.22430156 0.17733906 0.22430156 0.17733906 0.34818906 0.30458906 0.34818906 0.30458906 0.22430156
9 0.42100781 0.22480156 0.25855938 0.22480156 0.25855938 0.39080781 0.42100781 0.39080781 0.42100781 0.22480156
9 0.27277656 0.32177031 0.14593281 0.32177031 0.14593281 0.49051719 0.27277656 0.49051719 0.27277656 0.32177031
11 0.18181875 0.51565156 0.12875938 0.51565156 0.12875938 0.57243281 0.18181875 0.57243281 0.18181875 0.51565156
