4 0.05121875 0.72109062 0.17391719 0.72109062 0.17391719 0.60340313 0.05121875 0.60340313 0.05121875 0.72109062
4 0.46047813 0.52771719 0.58807969 0.52771719 0.58807969 0.41243281 0.46047813 0.41243281 0.46047813 0.52771719
4 0.29861562 0.65795000 0.40506094 0.65795000 0.40506094 0.54437812 0.29861562 0.54437812 0.29861562 0.65795000
4 0.03906719 0.47167656 0.15814062 0.47167656 0.15814062 0.37597344 0.03906719 0.37597344 0.03906719 0.47167656
4 0.17535312 0.37222969 0.27883906 0.37222969 0.27883906 0.26399531 0.17535312 0.26399531 0.17535312 0.37222969
4 0.19878906 0.27988281 0.29303906 0.27988281 0.29303906 0.22146094 0.19878906 0.22146094 0.19878906 0.27988281
4 0.53212187 0.21875000 0.53212187 0.29408906 0.65040312 0.29408906 0.65040312 0.21875000 0.53212187 0.21875000
3 0.15712188 0.62953437 0.33405937 0.62953437 0.33405937 0.44611719 0.15712188 0.44611719 0.15712188 0.62953437
3 0.59983125 0.44405313 0.76479219 0.44405313 0.76479219 0.30107656 0.59983125 0.30107656 0.59983125 0.44405313
3 0.17448281 0.44957969 0.39480313 0.44957969 0.39480313 0.35080000 0.17448281 0.35080000 0.17448281 0.44957969
3 0.31337187 0.37065156 0.53049219 0.37065156 0.53049219 0.23534844 0.31337187 0.23534844 0.31337187 0.37065156
5 0.73437969 0.33355313 0.87996875 0.33355313 0.87996875 0.22840469 0.73437969 0.22840469 0.73437969 0.33355313
5 0.88629062 0.55218906 0.88629062 0.78124844 1.00000000 0.78124844 1.00000000 0.55218906 0.88629062 0.55218906
5 0.38802813 0.41800781 0.54232656 0.41800781 0.54232656 0.32823125 0.38802813 0.32823125 0.38802813 0.41800781
5 0.54253906 0.33434219 0.67249219 0.33434219 0.67249219 0.25791719 0.54253906 0.25791719 0.54253906 0.33434219
