4 0.31354844 0.54524531 0.20573281 0.54524531 0.20573281 0.68794219 0.31354844 0.68794219 0.31354844 0.54524531
4 0.39322656 0.36642500 0.28472656 0.36642500 0.28472656 0.47010000 0.39322656 0.47010000 0.39322656 0.36642500
4 0.65197969 0.67024531 0.53472812 0.67024531 0.53472812 0.77160469 0.65197969 0.77160469 0.65197969 0.67024531
4 0.92730000 0.41156562 0.80122031 0.41156562 0.80122031 0.53561250 0.92730000 0.53561250 0.92730000 0.41156562
3 0.37192812 0.23534844 0.25608125 0.23534844 0.25608125 0.36354687 0.37192812 0.36354687 0.37192812 0.23534844
3 0.48000469 0.52441094 0.33854687 0.52441094 0.33854687 0.70609375 0.48000469 0.70609375 0.48000469 0.52441094
3 0.90994687 0.26312812 0.72136094 0.26312812 0.72136094 0.40774688 0.90994687 0.40774688 0.90994687 0.26312812
3 0.19995000 0.45757031 0.03906719 0.45757031 0.03906719 0.65005469 0.19995000 0.65005469 0.19995000 0.45757031
3 0.72376875 0.43239844 0.54340781 0.43239844 0.54340781 0.60901250 0.72376875 0.60901250 0.72376875 0.43239844
4 0.75926875 0.62423750 0.63455312 0.62423750 0.63455312 0.72503750 0.75926875 0.72503750 0.75926875 0.62423750
