10 0.34383281 0.37441406 0.21355156 0.37441406 0.21355156 0.47418437 0.34383281 0.47418437 0.34383281 0.37441406
10 0.48068281 0.41397187 0.35420313 0.41397187 0.35420313 0.59553750 0.48068281 0.59553750 0.48068281 0.41397187
11 0.43406719 0.60481406 0.34682344 0.60481406 0.34682344 0.67199844 0.43406719 0.67199844 0.43406719 0.60481406
9 0.35965469 0.55563281 0.20687656 0.55563281 0.20687656 0.66387812 0.35965469 0.66387812 0.35965469 0.55563281
11 0.84204687 0.43116250 0.75747969 0.43116250 0.75747969 0.49790000 0.84204687 0.49790000 0.84204687 0.43116250
9 0.81467656 0.22580469 0.70477031 0.22580469 0.70477031 0.44395625 0.81467656 0.44395625 0.81467656 0.22580469
11 0.67943125 0.39526406 0.59336563 0.39526406 0.59336563 0.48550156 0.67943125 0.48550156 0.67943125 0.39526406
9 0.38392500 0.35895312 0.40188594 0.37733125 0.43609844 0.39613594 0.46817188 0.40724844 0.48014687 0.43075625 0.49511406 0.44956094 0.50537813 0.47648750 0.50794375 0.51153437 0.51307500 0.53632344 0.54600469 0.52991250 0.58278281 0.51666250 0.58449375 0.49016406 0.57636719 0.45768281 0.56567656 0.42605469 0.55156406 0.39186250 0.54172813 0.37220156 0.52804375 0.34698594 0.51307500 0.35083281 0.48356719 0.34442187 0.46261250 0.32305156 0.44122969 0.30894688 0.43096562 0.31279375 0.42626250 0.33972031 0.39932031 0.34997812 0.38392500 0.35895312
10 0.69450312 0.56506875 0.56155469 0.56506875 0.56155469 0.69083125 0.69450312 0.69083125 0.69450312 0.56506875
9 0.24973906 0.36016562 0.09270781 0.36016562 0.09270781 0.49739688 0.24973906 0.49739688 0.24973906 0.36016562
9 0.66020937 0.47893437 0.55999844 0.47893437 0.55999844 0.61458594 0.66020937 0.61458594 0.66020937 0.47893437
