9 0.33892812 0.28014844 0.15092031 0.28014844 0.15092031 0.40388281 0.33892812 0.40388281 0.33892812 0.28014844
10 0.16348906 0.30023594 0.07983906 0.30023594 0.07983906 0.41728594 0.16348906 0.41728594 0.16348906 0.30023594
9 0.21262813 0.41252656 0.08086719 0.41252656 0.08086719 0.63889531 0.21262813 0.63889531 0.21262813 0.41252656
11 0.20315000 0.64431563 0.14649063 0.64431563 0.14649063 0.74273125 0.20315000 0.74273125 0.20315000 0.64431563
9 0.44987656 0.65956406 0.26372187 0.65956406 0.26372187 0.77354531 0.44987656 0.77354531 0.44987656 0.65956406
9 0.56690469 0.53769219 0.33326094 0.53769219 0.33326094 0.64621875 0.56690469 0.64621875 0.56690469 0.53769219
9 0.78756875 0.45836875 0.64684688 0.45836875 0.64684688 0.63045469 0.78756875 0.63045469 0.78756875 0.45836875
9 0.94951250 0.56694687 0.85040937 0.56694687 0.85040937 0.73809531 0.94951250 0.73809531 0.94951250 0.56694687
9 0.93364531 0.35586562 0.69176094 0.35586562 0.69176094 0.50373281 0.93364531 0.50373281 0.93364531 0.35586562
9 0.57802969 0.22812500 0.45276094 0.22812500 0.45276094 0.44254219 0.57802969 0.44254219 0.57802969 0.22812500
