10 0.27505781 0.32530781 0.29038594 0.32020156 0.29095313 0.33892500 0.28073437 0.36899688 0.27449062 0.38772031 0.27960000 0.40417344 0.26256719 0.43821719 0.25575469 0.46545156 0.25178125 0.49722344 0.25234844 0.51708281 0.26710937 0.53126719 0.28868281 0.52389063 0.30685000 0.51254375 0.32558437 0.49552188 0.33693906 0.47963438 0.35624062 0.46772031 0.37497500 0.46885469 0.38973594 0.45467031 0.40563281 0.44672656 0.41528281 0.43424531 0.42379844 0.41495312 0.43855937 0.40303906 0.43345000 0.38828750 0.41301250 0.37750625 0.38065312 0.36615938 0.36078281 0.37069844 0.35567344 0.35594687 0.34545469 0.32814531 0.33353281 0.32644219 0.33126094 0.30998906 0.31763594 0.29069844 0.30344375 0.28615937 0.29095313 0.28842812 0.27619375 0.29069844 0.26427031 0.28105313 0.24766563 0.27992187 0.23929219 0.29920781 0.25064531 0.31963438 0.27505781 0.32530781
10 0.23815469 0.57158438 0.06599531 0.57158438 0.06599531 0.67538906 0.23815469 0.67538906 0.23815469 0.57158438
10 0.50852969 0.61297812 0.40094844 0.61297812 0.40094844 0.73835000 0.50852969 0.73835000 0.50852969 0.61297812
10 0.76513750 0.50364062 0.61242031 0.50364062 0.61242031 0.63048437 0.76513750 0.63048437 0.76513750 0.50364062
10 0.84873438 0.31501875 0.71319219 0.31501875 0.71319219 0.42185000 0.84873438 0.42185000 0.84873438 0.31501875
10 0.73646875 0.21889219 0.57552031 0.21889219 0.57552031 0.37459219 0.73646875 0.37459219 0.73646875 0.21889219
11 0.72241719 0.36791719 0.60518281 0.36791719 0.60518281 0.43622969 0.72241719 0.43622969 0.72241719 0.36791719
11 0.99562969 0.38211094 0.90834375 0.38211094 0.90834375 0.45350313 0.99562969 0.45350313 0.99562969 0.38211094
9 0.93247188 0.41688437 0.77379375 0.41688437 0.77379375 0.57322031 0.93247188 0.57322031 0.93247188 0.41688437
9 0.61313281 0.39985156 0.45658594 0.39985156 0.45658594 0.62613281 0.61313281 0.62613281 0.61313281 0.39985156
9 0.73377031 0.65740156 0.50299531 0.65740156 0.50299531 0.78098750 0.73377031 0.78098750 0.73377031 0.65740156
11 0.47829844 0.39701250 0.39740000 0.39701250 0.39740000 0.47412344 0.47829844 0.47412344 0.47829844 0.39701250
9 0.41939844 0.47010469 0.23673750 0.47010469 0.23673750 0.62618281 0.41939844 0.62618281 0.41939844 0.47010469
