7 0.11425156 0.29590625 0.00057188 0.29590625 0.00057188 0.40171406 0.11425156 0.40171406 0.11425156 0.29590625
6 0.27118750 0.33128906 0.10900000 0.33128906 0.10900000 0.51167500 0.27118750 0.51167500 0.27118750 0.33128906
6 0.30268906 0.40952656 0.30268906 0.21875000 0.12555000 0.21875000 0.12555000 0.40952656 0.30268906 0.40952656
7 0.47686094 0.21943437 0.37094062 0.21943437 0.37094062 0.31658594 0.47686094 0.31658594 0.47686094 0.21943437
6 0.51851875 0.29990156 0.37322500 0.29990156 0.37322500 0.56040156 0.51851875 0.56040156 0.51851875 0.29990156
6 0.66666875 0.44085469 0.66666875 0.21875000 0.51190000 0.21875000 0.51190000 0.44085469 0.66666875 0.44085469
6 0.93933906 0.24489219 0.75706250 0.24489219 0.75706250 0.51042656 0.93933906 0.51042656 0.93933906 0.24489219
8 0.86240938 0.52874219 0.78194375 0.52874219 0.78194375 0.62203437 0.86240938 0.62203437 0.86240938 0.52874219
7 1.00000000 0.35550469 1.00000000 0.23084844 0.93362969 0.23084844 0.93362969 0.35550469 1.00000000 0.35550469
6 0.99999844 0.32158750 0.89619375 0.32158750 0.89619375 0.60844844 0.99999844 0.60844844 0.99999844 0.32158750
8 0.95463125 0.61662812 0.89938906 0.61662812 0.89938906 0.69054375 0.95463125 0.69054375 0.95463125 0.61662812
8 0.89117188 0.61948125 0.81949531 0.61948125 0.81949531 0.68141875 0.89117188 0.68141875 0.89117188 0.61948125
7 0.91365781 0.78125000 0.99999844 0.78125000 0.99999844 0.68910469 0.91365781 0.68910469 0.91365781 0.78125000
8 0.59499062 0.60863594 0.52274375 0.60863594 0.52274375 0.67962813 0.59499062 0.67962813 0.59499062 0.60863594
6 0.62147031 0.78125000 0.91868125 0.78125000 0.91868125 0.66079219 0.62147031 0.66079219 0.62147031 0.78125000
7 0.54088906 0.64928906 0.41648125 0.64928906 0.41648125 0.73757500 0.54088906 0.73757500 0.54088906 0.64928906
7 0.50162656 0.59037812 0.39080000 0.59037812 0.39080000 0.69113750 0.50162656 0.69113750 0.50162656 0.59037812
6 0.40004687 0.61662656 0.18775469 0.61662656 0.18775469 0.77235312 0.40004687 0.77235312 0.40004687 0.61662656
8 0.34023906 0.42145625 0.27084375 0.42145625 0.27084375 0.49730469 0.34023906 0.49730469 0.34023906 0.42145625
8 0.42116094 0.49222031 0.35210938 0.49222031 0.35210938 0.55251406 0.42116094 0.55251406 0.42116094 0.49222031
8 0.08503281 0.78125000 0.16538438 0.78125000 0.16538438 0.72505781 0.08503281 0.72505781 0.08503281 0.78125000
