10 0.54768438 0.48988594 0.75624219 0.48988594 0.75624219 0.30085938 0.54768438 0.30085938 0.54768438 0.48988594
11 0.36240625 0.30087031 0.43509844 0.30087031 0.43509844 0.22308906 0.36240625 0.22308906 0.36240625 0.30087031
9 0.39023438 0.43947500 0.53117656 0.43947500 0.53117656 0.29790938 0.39023438 0.29790938 0.39023438 0.43947500
10 0.19205000 0.42042344 0.29616875 0.42042344 0.29616875 0.30244688 0.19205000 0.30244688 0.19205000 0.42042344
11 0.10369687 0.35899531 0.17025156 0.35899531 0.17025156 0.28340156 0.10369687 0.28340156 0.10369687 0.35899531
9 0.16559688 0.42096563 0.18464219 0.44972969 0.19987969 0.47172500 0.20707500 0.48991406 0.21850156 0.50937188 0.22696719 0.52967656 0.24347344 0.54913438 0.26548281 0.56563125 0.29130156 0.56351562 0.31415625 0.54786563 0.31415625 0.52671563 0.30738437 0.49456719 0.28833906 0.47595469 0.26505937 0.45184375 0.25109219 0.43492500 0.23246875 0.40912188 0.21892500 0.39516250 0.20792187 0.37570469 0.19056719 0.36386094 0.17787031 0.34990156 0.16432656 0.35751563 0.14824375 0.36597500 0.14231719 0.37443594 0.15967031 0.39812344 0.16559688 0.42096563
10 0.20877031 0.64101719 0.32220000 0.64101719 0.32220000 0.55216562 0.20877031 0.55216562 0.20877031 0.64101719
10 0.32040000 0.71088438 0.41404375 0.71088438 0.41404375 0.60421406 0.32040000 0.60421406 0.32040000 0.71088438
10 0.08094531 0.76952813 0.21088281 0.76952813 0.21088281 0.57755937 0.08094531 0.57755937 0.08094531 0.76952813
9 0.40515469 0.70464531 0.22485000 0.70464531 0.22485000 0.78125000 0.40515469 0.78125000 0.40515469 0.70464531
10 0.58334375 0.70612188 0.68513594 0.70612188 0.68513594 0.63680156 0.58334375 0.63680156 0.58334375 0.70612188
9 0.41584219 0.68762500 0.58715156 0.68762500 0.58715156 0.56062969 0.41584219 0.56062969 0.41584219 0.68762500
9 0.32230469 0.51882656 0.34769844 0.53574687 0.36166562 0.52728750 0.37605625 0.50952031 0.37351719 0.48752500 0.36970781 0.47187500 0.36589844 0.45410781 0.35447187 0.43591875 0.34219688 0.42745938 0.33076875 0.42449844 0.33076875 0.41392344 0.32272812 0.39954219 0.30368125 0.38727500 0.29056094 0.37712187 0.26855156 0.38600469 0.25077500 0.39911875 0.23892344 0.41476875 0.24612031 0.42745938 0.25797031 0.44607188 0.27363125 0.46299063 0.29182969 0.48160313 0.31172344 0.49979219 0.32230469 0.51882656
11 0.50165313 0.54613906 0.57247656 0.54613906 0.57247656 0.46831406 0.50165313 0.46831406 0.50165313 0.54613906
9 0.56348438 0.66691406 0.73829219 0.66691406 0.73829219 0.52733125 0.56348438 0.52733125 0.56348438 0.66691406
10 0.74756406 0.65118437 0.90494688 0.65118437 0.90494688 0.56105469 0.74756406 0.56105469 0.74756406 0.65118437
