4 0.04687812 0.66663125 0.18101719 0.66663125 0.18101719 0.55392500 0.04687812 0.55392500 0.04687812 0.66663125
4 0.52778281 0.36038906 0.67012344 0.36038906 0.67012344 0.26052188 0.52778281 0.26052188 0.52778281 0.36038906
4 0.66927656 0.45431563 0.78687969 0.45431563 0.78687969 0.34906562 0.66927656 0.34906562 0.66927656 0.45431563
4 0.50260781 0.72109062 0.65040156 0.72109062 0.65040156 0.63986250 0.50260781 0.63986250 0.50260781 0.72109062
4 0.11545625 0.42747813 0.22125156 0.42747813 0.22125156 0.32822969 0.11545625 0.32822969 0.11545625 0.42747813
3 0.29254062 0.36907187 0.52970469 0.36907187 0.52970469 0.27875156 0.29254062 0.27875156 0.29254062 0.36907187
3 0.35851094 0.63269219 0.61411406 0.63269219 0.61411406 0.44541719 0.35851094 0.44541719 0.35851094 0.63269219
3 0.64497031 0.72740469 0.83736875 0.72740469 0.83736875 0.53395938 0.64497031 0.53395938 0.64497031 0.72740469
3 0.39584063 0.44800000 0.65592656 0.44800000 0.65592656 0.34732812 0.39584063 0.34732812 0.39584063 0.44800000
3 0.00174219 0.55060469 0.15261719 0.55060469 0.15261719 0.36034688 0.00174219 0.36034688 0.00174219 0.55060469
5 0.95412344 0.59732812 0.80642813 0.59732812 0.80642813 0.78125000 0.95412344 0.78125000 0.95412344 0.59732812
5 0.57378906 0.54744844 0.73717969 0.54744844 0.73717969 0.45149375 0.57378906 0.45149375 0.57378906 0.54744844
5 0.28299062 0.42984687 0.39165000 0.42984687 0.39165000 0.35340312 0.28299062 0.35340312 0.28299062 0.42984687
5 0.03559688 0.36512656 0.08950781 0.36512656 0.08950781 0.26486250 0.03559688 0.26486250 0.03559688 0.36512656
