9 0.24400000 0.30376094 0.17187500 0.30376094 0.17187500 0.53170781 0.24400000 0.53170781 0.24400000 0.30376094
10 0.34799375 0.22355000 0.19615156 0.22355000 0.19615156 0.35333437 0.34799375 0.35333437 0.34799375 0.22355000
9 0.43909687 0.26996094 0.33142813 0.26996094 0.33142813 0.43545000 0.43909687 0.43545000 0.43909687 0.26996094
9 0.25675000 0.55777188 0.03865156 0.55777188 0.03865156 0.77165469 0.25675000 0.77165469 0.25675000 0.55777188
10 0.21313125 0.78125000 0.34716563 0.78125000 0.34716563 0.72893750 0.21313125 0.72893750 0.21313125 0.78125000
9 0.54815000 0.49392812 0.38761094 0.49392812 0.38761094 0.73929062 0.54815000 0.73929062 0.54815000 0.49392812
10 0.61357969 0.69534531 0.50618594 0.69534531 0.50618594 0.77794063 0.61357969 0.77794063 0.61357969 0.69534531
11 0.48244063 0.41075938 0.41342344 0.41075938 0.41342344 0.49613594 0.48244063 0.49613594 0.48244063 0.41075938
9 0.67569531 0.55053750 0.58735156 0.55053750 0.58735156 0.78098750 0.67569531 0.78098750 0.67569531 0.55053750
11 0.82684844 0.71111875 0.73532969 0.71111875 0.73532969 0.78110469 0.82684844 0.78110469 0.82684844 0.71111875
9 0.66354844 0.55861563 0.67403906 0.57682500 0.67680000 0.62317813 0.69281250 0.65960000 0.71600156 0.69270937 0.73643125 0.70374531 0.75851719 0.70319375 0.76348750 0.68498281 0.75741406 0.64249219 0.74857969 0.59558750 0.74857969 0.55530469 0.74305781 0.51667656 0.73974531 0.47308281 0.69833281 0.45873594 0.66258125 0.45562344 0.64643125 0.49294844 0.65305781 0.53378281 0.66354844 0.55861563
10 0.85859687 0.27410313 0.69571094 0.27410313 0.69571094 0.36220938 0.85859687 0.36220938 0.85859687 0.27410313
9 0.86687969 0.35140312 0.78888750 0.35140312 0.78888750 0.54707031 0.86687969 0.54707031 0.86687969 0.35140312
9 0.64173750 0.22095781 0.49555469 0.22095781 0.49555469 0.42454219 0.64173750 0.42454219 0.64173750 0.22095781
