5 1.00000000 0.78125000 1.00000000 0.55045312 0.86198437 0.55045312 0.86198437 0.78125000 1.00000000 0.78125000
4 0.27726094 0.55822969 0.17101094 0.55822969 0.17101094 0.68157656 0.27726094 0.68157656 0.27726094 0.55822969
4 0.42635937 0.45580156 0.32812969 0.45580156 0.32812969 0.56081719 0.42635937 0.56081719 0.42635937 0.45580156
4 0.57467031 0.31170313 0.46354844 0.31170313 0.46354844 0.41874531 0.57467031 0.41874531 0.57467031 0.31170313
4 0.26700469 0.31691250 0.16927656 0.31691250 0.16927656 0.40927500 0.26700469 0.40927500 0.26700469 0.31691250
3 0.61332500 0.39811250 0.41840937 0.39811250 0.41840937 0.52766719 0.61332500 0.52766719 0.61332500 0.39811250
3 0.45476094 0.55041719 0.29310469 0.55041719 0.29310469 0.72498750 0.45476094 0.72498750 0.45476094 0.55041719
3 0.39795938 0.33861250 0.22375312 0.33861250 0.22375312 0.55292500 0.39795938 0.55292500 0.39795938 0.33861250
3 0.75690313 0.22788750 0.56510781 0.22788750 0.56510781 0.36823125 0.75690313 0.36823125 0.75690313 0.22788750
5 0.76242500 0.31422187 0.59809687 0.31422187 0.59809687 0.44479219 0.76242500 0.44479219 0.76242500 0.31422187
5 0.45870625 0.23878750 0.35590938 0.23878750 0.35590938 0.36981094 0.45870625 0.36981094 0.45870625 0.23878750
3 0.45081562 0.36270781 0.45081562 0.21875000 0.27344375 0.21875000 0.27344375 0.36270781 0.45081562 0.36270781
