4 0.48698281 0.41642813 0.59281406 0.41642813 0.59281406 0.29003594 0.48698281 0.29003594 0.48698281 0.41642813
4 0.11545625 0.60585469 0.23071562 0.60585469 0.23071562 0.49836875 0.11545625 0.49836875 0.11545625 0.60585469
4 0.28472656 0.65242500 0.38849219 0.65242500 0.38849219 0.53656562 0.28472656 0.53656562 0.28472656 0.65242500
4 0.76823281 0.73529844 0.89258906 0.73529844 0.89258906 0.62684219 0.76823281 0.62684219 0.76823281 0.73529844
4 0.65278125 0.71872344 0.73481250 0.71872344 0.73481250 0.64680781 0.65278125 0.64680781 0.65278125 0.71872344
3 0.55122031 0.77239375 0.66302500 0.77239375 0.66302500 0.60947969 0.55122031 0.60947969 0.55122031 0.77239375
3 0.62760938 0.60190937 0.72455781 0.60190937 0.72455781 0.38552188 0.62760938 0.38552188 0.62760938 0.60190937
3 0.47049219 0.62085313 0.58413750 0.62085313 0.58413750 0.42197969 0.47049219 0.42197969 0.47049219 0.62085313
3 0.36024844 0.31461250 0.47369375 0.31461250 0.47369375 0.22146094 0.36024844 0.22146094 0.36024844 0.31461250
3 0.16580312 0.48509687 0.33406094 0.48509687 0.33406094 0.29382969 0.16580312 0.29382969 0.16580312 0.48509687
3 0.32301562 0.52354375 0.41146406 0.52354375 0.41146406 0.27830469 0.32301562 0.27830469 0.32301562 0.52354375
3 0.69010938 0.61532656 0.88864531 0.61532656 0.88864531 0.42197969 0.69010938 0.42197969 0.69010938 0.61532656
5 0.60504062 0.39590781 0.69379375 0.39590781 0.69379375 0.26225938 0.60504062 0.26225938 0.60504062 0.39590781
5 0.65592500 0.42111250 0.76389375 0.42111250 0.76389375 0.29487812 0.65592500 0.29487812 0.65592500 0.42111250
5 0.99987969 0.55566094 0.90365156 0.55566094 0.90365156 0.78125000 0.99987969 0.78125000 0.99987969 0.55566094
5 0.80186719 0.61295312 0.65972656 0.61295312 0.65972656 0.78125000 0.80186719 0.78125000 0.80186719 0.61295312
5 0.38628906 0.49377656 0.49972656 0.49377656 0.49972656 0.31694688 0.38628906 0.31694688 0.38628906 0.49377656
5 0.54942656 0.57349844 0.41951094 0.57349844 0.41951094 0.78125000 0.54942656 0.78125000 0.54942656 0.57349844
