4 0.11475000 0.55691875 0.11475000 0.43413281 0.00000000 0.43413281 0.00000000 0.55691875 0.11475000 0.55691875
4 0.13368594 0.62479844 0.23466250 0.62479844 0.23466250 0.53743125 0.13368594 0.53743125 0.13368594 0.62479844
4 0.31424062 0.69741406 0.39717031 0.69741406 0.39717031 0.59646094 0.31424062 0.59646094 0.31424062 0.69741406
4 0.62240000 0.68794062 0.73007969 0.68794062 0.73007969 0.58604219 0.62240000 0.58604219 0.62240000 0.68794062
4 0.71666875 0.68673750 0.60764375 0.68673750 0.60764375 0.78125000 0.71666875 0.78125000 0.71666875 0.68673750
4 0.64236719 0.42037500 0.76715938 0.42037500 0.76715938 0.34732812 0.64236719 0.34732812 0.64236719 0.42037500
4 0.21094219 0.32171406 0.31591719 0.32171406 0.31591719 0.22840469 0.21094219 0.22840469 0.21094219 0.32171406
4 0.09549219 0.38959375 0.18969531 0.38959375 0.18969531 0.30826562 0.09549219 0.30826562 0.09549219 0.38959375
3 0.12240156 0.51508906 0.34826094 0.51508906 0.34826094 0.39490625 0.12240156 0.39490625 0.12240156 0.51508906
3 0.40365156 0.49693438 0.62358125 0.49693438 0.62358125 0.37691406 0.40365156 0.37691406 0.40365156 0.49693438
3 0.68387969 0.57112812 0.83973437 0.57112812 0.83973437 0.39664688 0.68387969 0.39664688 0.68387969 0.57112812
3 0.38108125 0.35249531 0.59281562 0.35249531 0.59281562 0.23100938 0.38108125 0.23100938 0.38108125 0.35249531
3 0.20052500 0.41090313 0.41689219 0.41090313 0.41689219 0.30479375 0.20052500 0.30479375 0.20052500 0.41090313
5 0.42101094 0.42668906 0.56441562 0.42668906 0.56441562 0.32649375 0.42101094 0.32649375 0.42101094 0.42668906
5 0.78472812 0.37854219 0.91783437 0.37854219 0.91783437 0.23621719 0.78472812 0.23621719 0.78472812 0.37854219
5 0.81212500 0.51225781 0.91406719 0.51225781 0.91406719 0.36907031 0.81212500 0.36907031 0.81212500 0.51225781
5 0.55122187 0.35328594 0.72140312 0.35328594 0.72140312 0.26486406 0.55122187 0.26486406 0.55122187 0.35328594
5 0.31684531 0.43694844 0.46265000 0.43694844 0.46265000 0.36902969 0.31684531 0.36902969 0.31684531 0.43694844
3 0.39410312 0.63742813 0.55337188 0.63742813 0.55337188 0.47310781 0.39410312 0.47310781 0.39410312 0.63742813
