9 0.54397187 0.48404531 0.43599688 0.48404531 0.43599688 0.64570938 0.54397187 0.64570938 0.54397187 0.48404531
11 0.15620938 0.36392500 0.09457656 0.36392500 0.09457656 0.43255000 0.15620938 0.43255000 0.15620938 0.36392500
11 0.14044687 0.28300469 0.06699062 0.28300469 0.06699062 0.35378281 0.14044687 0.35378281 0.14044687 0.28300469
10 0.35040625 0.37484375 0.36869062 0.39752813 0.38760625 0.41580312 0.39958594 0.43911719 0.41471875 0.47440625 0.42985000 0.49078906 0.44876562 0.48763906 0.45696250 0.47251563 0.46137656 0.45676094 0.47398594 0.46810469 0.49353281 0.46873438 0.51496875 0.46243281 0.52884063 0.45487187 0.52568750 0.43596719 0.50866406 0.41706250 0.49164062 0.40509062 0.47272500 0.38933750 0.45254844 0.37358437 0.44056875 0.35404844 0.42417656 0.33388438 0.40084687 0.31498125 0.37751875 0.28977500 0.36112500 0.28032344 0.33779531 0.27024063 0.33212188 0.28347344 0.33022969 0.31120000 0.33968750 0.34837812 0.35040625 0.37484375
9 0.20727969 0.43659688 0.24574062 0.48133750 0.29050781 0.51788594 0.33401250 0.55821406 0.35734219 0.56829531 0.37436562 0.54687188 0.36995156 0.50717187 0.37058281 0.46810469 0.35229844 0.44037812 0.28798594 0.39626875 0.22682656 0.35909062 0.18773438 0.34396719 0.16125312 0.34522656 0.14044687 0.36413125 0.15810000 0.38366563 0.17953750 0.40382969 0.20727969 0.43659688
10 0.31919687 0.58594062 0.20854219 0.58594062 0.20854219 0.72122031 0.31919687 0.72122031 0.31919687 0.58594062
9 0.18079844 0.59980312 0.21295469 0.63382969 0.23123906 0.62878906 0.27285313 0.59854219 0.27537500 0.57144688 0.25646094 0.53300781 0.22682656 0.49141875 0.21043281 0.47062500 0.18710469 0.44667969 0.16566719 0.42588437 0.14864219 0.42273437 0.13083125 0.44300625 0.14422969 0.49898125 0.15873125 0.54624063 0.18079844 0.59980312
10 0.37137031 0.78125000 0.55311406 0.78125000 0.55311406 0.66941094 0.37137031 0.66941094 0.37137031 0.78125000
10 0.77947031 0.53100938 0.65651875 0.53100938 0.65651875 0.65709531 0.77947031 0.65709531 0.77947031 0.53100938
11 0.99392344 0.38875469 0.94308750 0.38875469 0.94308750 0.45633437 0.99392344 0.45633437 0.99392344 0.38875469
9 0.93504844 0.43448594 0.75163906 0.43448594 0.75163906 0.60066094 0.93504844 0.60066094 0.93504844 0.43448594
10 0.75122187 0.38315938 0.64402344 0.38315938 0.64402344 0.47468437 0.75122187 0.47468437 0.75122187 0.38315938
11 0.51446562 0.28067188 0.51446562 0.21875000 0.43884062 0.21875000 0.43884062 0.28067188 0.51446562 0.28067188
9 0.66554844 0.27829375 0.47694687 0.27829375 0.47694687 0.42563750 0.66554844 0.42563750 0.66554844 0.27829375
10 0.73461719 0.41645469 0.75621719 0.43567656 0.78906094 0.44987031 0.81687500 0.45312344 0.84616719 0.44987031 0.87250156 0.44129531 0.88966250 0.42562188 0.89410156 0.41201875 0.86747188 0.40787969 0.85149375 0.40847031 0.82575156 0.40492187 0.80622187 0.39871250 0.78639844 0.39723281 0.77929688 0.38747500 0.76775625 0.37268906 0.75503281 0.35997344 0.74201406 0.34548281 0.72751562 0.33513437 0.71242500 0.32655781 0.69733594 0.32478281 0.69378438 0.33365469 0.69378438 0.34223125 0.69615156 0.36293125 0.71360937 0.39457188 0.73461719 0.41645469
