4 0.20783906 0.67545469 0.31076875 0.67545469 0.31076875 0.55014375 0.20783906 0.55014375 0.20783906 0.67545469
3 0.10937969 0.65821406 0.20547344 0.65821406 0.20547344 0.45149531 0.10937969 0.45149531 0.10937969 0.65821406
5 0.00443437 0.51937969 0.10686250 0.51937969 0.10686250 0.36555781 0.00443437 0.36555781 0.00443437 0.51937969
4 0.31795625 0.73236250 0.41373750 0.73236250 0.41373750 0.58604219 0.31795625 0.58604219 0.31795625 0.73236250
4 0.60590937 0.48624844 0.74033594 0.48624844 0.74033594 0.40114687 0.60590937 0.40114687 0.60590937 0.48624844
4 0.71351406 0.44628750 0.82031875 0.44628750 0.82031875 0.33715938 0.71351406 0.33715938 0.71351406 0.44628750
4 0.80502500 0.42632031 0.90538594 0.42632031 0.90538594 0.31980469 0.80502500 0.31980469 0.80502500 0.42632031
4 0.47132656 0.70322969 0.60417344 0.70322969 0.60417344 0.58327500 0.47132656 0.58327500 0.47132656 0.70322969
4 0.28299062 0.39868750 0.36956094 0.39868750 0.36956094 0.28135469 0.28299062 0.28135469 0.28299062 0.39868750
3 0.67535312 0.78048281 0.85866875 0.78048281 0.85866875 0.56087031 0.67535312 0.56087031 0.67535312 0.78048281
3 0.37066562 0.58327344 0.45476094 0.58327344 0.45476094 0.41330000 0.37066562 0.41330000 0.37066562 0.58327344
3 0.45475937 0.57302188 0.58507344 0.57302188 0.58507344 0.39316563 0.45475937 0.39316563 0.45475937 0.57302188
3 0.52083906 0.38054531 0.68984687 0.38054531 0.68984687 0.23014219 0.52083906 0.23014219 0.52083906 0.38054531
3 0.62587344 0.34031406 0.78688125 0.34031406 0.78688125 0.22232656 0.62587344 0.22232656 0.62587344 0.34031406
3 0.73875781 0.29697969 0.89149687 0.29697969 0.89149687 0.21875000 0.73875781 0.21875000 0.73875781 0.29697969
3 0.36198437 0.38054375 0.45002656 0.38054375 0.45002656 0.22840312 0.36198437 0.22840312 0.36198437 0.38054375
5 0.67187969 0.56592031 0.78530156 0.56592031 0.78530156 0.46885469 0.67187969 0.46885469 0.67187969 0.56592031
5 0.42793906 0.38726094 0.49826406 0.38726094 0.49826406 0.26143281 0.42793906 0.26143281 0.42793906 0.38726094
