8 0.38356875 0.35607031 0.29281094 0.35607031 0.29281094 0.44201875 0.38356875 0.44201875 0.38356875 0.35607031
6 0.28344063 0.41143437 0.05630937 0.41143437 0.05630937 0.58994531 0.28344063 0.58994531 0.28344063 0.41143437
7 0.25694063 0.55197031 0.14564688 0.55197031 0.14564688 0.64077969 0.25694063 0.64077969 0.25694063 0.55197031
6 0.45426250 0.55954219 0.25173750 0.55954219 0.25173750 0.68629219 0.45426250 0.68629219 0.45426250 0.55954219
7 0.53707187 0.56238125 0.44461094 0.56238125 0.44461094 0.67191563 0.53707187 0.67191563 0.53707187 0.56238125
6 0.58211875 0.30256875 0.44905781 0.30256875 0.44905781 0.55717500 0.58211875 0.55717500 0.58211875 0.30256875
6 0.68565156 0.35275781 0.60426406 0.35275781 0.60426406 0.42077813 0.68565156 0.42077813 0.68565156 0.35275781
6 0.64429375 0.41995000 0.53536719 0.41995000 0.53536719 0.68298125 0.64429375 0.68298125 0.64429375 0.41995000
8 0.72776875 0.27326250 0.64628438 0.27326250 0.64628438 0.34262813 0.72776875 0.34262813 0.72776875 0.27326250
8 0.84653750 0.26001094 0.75795781 0.26001094 0.75795781 0.35797344 0.84653750 0.35797344 0.84653750 0.26001094
6 0.80792500 0.36155781 0.64249687 0.36155781 0.64249687 0.60740469 0.80792500 0.60740469 0.80792500 0.36155781
6 0.98395312 0.35256875 0.80754688 0.35256875 0.80754688 0.56354063 0.98395312 0.56354063 0.98395312 0.35256875
8 0.79913125 0.56637187 0.73151875 0.56637187 0.73151875 0.65917969 0.79913125 0.65917969 0.79913125 0.56637187
7 0.71448750 0.60422500 0.60513281 0.60422500 0.60513281 0.73021719 0.71448750 0.73021719 0.71448750 0.60422500
7 0.53194688 0.78125000 0.61354375 0.78125000 0.61354375 0.68939531 0.53194688 0.68939531 0.53194688 0.78125000
