4 0.78646406 0.45983750 0.89337969 0.45983750 0.89337969 0.33604219 0.78646406 0.33604219 0.78646406 0.45983750
4 0.70920625 0.76371406 0.78451250 0.76371406 0.78451250 0.63986406 0.70920625 0.63986406 0.70920625 0.76371406
4 0.79082344 0.75097500 0.88108125 0.75097500 0.88108125 0.65873750 0.79082344 0.65873750 0.79082344 0.75097500
5 0.90002969 0.59385625 0.90002969 0.77888281 1.00000000 0.77888281 1.00000000 0.59385625 0.90002969 0.59385625
5 0.25901406 0.64216250 0.41768281 0.64216250 0.41768281 0.46711875 0.25901406 0.46711875 0.25901406 0.64216250
5 0.48872031 0.77712969 0.65276875 0.77712969 0.65276875 0.57128594 0.48872031 0.57128594 0.48872031 0.77712969
5 0.62413594 0.78124844 0.75137813 0.78124844 0.75137813 0.59385469 0.62413594 0.59385469 0.62413594 0.78124844
5 0.86198281 0.48904219 0.95727812 0.48904219 0.95727812 0.30826562 0.86198281 0.30826562 0.86198281 0.48904219
4 0.06163594 0.53876875 0.16050469 0.53876875 0.16050469 0.44021094 0.06163594 0.44021094 0.06163594 0.53876875
4 0.44608125 0.21875000 0.44608125 0.30305781 0.55903281 0.30305781 0.55903281 0.21875000 0.44608125 0.21875000
4 0.22743437 0.41248125 0.32932500 0.41248125 0.32932500 0.31173750 0.22743437 0.31173750 0.22743437 0.41248125
3 0.61632344 0.61059063 0.82869062 0.61059063 0.82869062 0.46277812 0.61632344 0.46277812 0.61632344 0.61059063
3 0.32530781 0.52140312 0.47448281 0.52140312 0.47448281 0.31000312 0.32530781 0.31000312 0.32530781 0.52140312
3 0.17882344 0.52613906 0.40269219 0.52613906 0.40269219 0.35142344 0.17882344 0.35142344 0.17882344 0.52613906
3 0.83888906 0.64847813 0.98725625 0.64847813 0.98725625 0.42718906 0.83888906 0.42718906 0.83888906 0.64847813
3 0.75082031 0.62243125 0.89574688 0.62243125 0.89574688 0.43500156 0.75082031 0.43500156 0.75082031 0.62243125
3 0.30122031 0.30435000 0.48000312 0.30435000 0.48000312 0.22059219 0.30122031 0.22059219 0.30122031 0.30435000
