10 0.24982500 0.36825469 0.14983125 0.36825469 0.14983125 0.48269219 0.24982500 0.48269219 0.24982500 0.36825469
9 0.24187031 0.47376875 0.07840469 0.47376875 0.07840469 0.72202344 0.24187031 0.72202344 0.24187031 0.47376875
9 0.36800000 0.33904531 0.27758281 0.33904531 0.27758281 0.57489688 0.36800000 0.57489688 0.36800000 0.33904531
11 0.37644219 0.57765937 0.32547031 0.57765937 0.32547031 0.63265156 0.37644219 0.63265156 0.37644219 0.57765937
11 0.30599063 0.55168594 0.24527969 0.55168594 0.24527969 0.64368281 0.30599063 0.64368281 0.30599063 0.55168594
9 0.29137969 0.78125000 0.42838594 0.78125000 0.42838594 0.66126094 0.29137969 0.66126094 0.29137969 0.78125000
11 0.10252188 0.78125000 0.14988906 0.78125000 0.14988906 0.71514375 0.10252188 0.71514375 0.10252188 0.78125000
10 0.77193594 0.58534531 0.61132500 0.58534531 0.61132500 0.70482656 0.77193594 0.70482656 0.77193594 0.58534531
9 0.63541875 0.62248594 0.53101875 0.62248594 0.53101875 0.78124844 0.63541875 0.78124844 0.63541875 0.62248594
9 0.49166875 0.32836875 0.37442500 0.32836875 0.37442500 0.44331875 0.49166875 0.44331875 0.49166875 0.32836875
9 0.52158437 0.61043281 0.53122031 0.64253594 0.57860156 0.63932500 0.57860156 0.59598594 0.57057031 0.54381719 0.56816094 0.52696406 0.57779844 0.51010938 0.56976719 0.47720313 0.54969062 0.44670625 0.51837187 0.41380000 0.49668906 0.39935313 0.47581094 0.40176094 0.45332500 0.41941875 0.43264531 0.43878750 0.45974844 0.48121719 0.49106875 0.53820000 0.52158437 0.61043281
9 0.64276563 0.34753750 0.63157031 0.39229375 0.61197813 0.43816875 0.64164531 0.44544062 0.67523281 0.44600000 0.69930312 0.42809844 0.71049844 0.39341250 0.71665625 0.35592969 0.72057500 0.32292187 0.71329687 0.29327187 0.69538437 0.26082344 0.67859063 0.23005313 0.65452031 0.22334062 0.63464844 0.23218438 0.64836406 0.26865625 0.64948281 0.30613906 0.64276563 0.34753750
10 0.68082969 0.43510469 0.56047813 0.43510469 0.56047813 0.54278437 0.68082969 0.54278437 0.68082969 0.43510469
10 0.84316562 0.42809844 0.66907344 0.42809844 0.66907344 0.52396875 0.84316562 0.52396875 0.84316562 0.42809844
11 0.77599375 0.24127969 0.71651719 0.24127969 0.71651719 0.31397031 0.77599375 0.31397031 0.77599375 0.24127969
9 0.82525313 0.44655937 0.84764375 0.49187500 0.87899219 0.52823906 0.90194219 0.52991719 0.92545312 0.50642031 0.93608906 0.48460313 0.95736094 0.46670000 0.93329063 0.44376250 0.90866094 0.41690938 0.87955156 0.38390156 0.85940000 0.36432188 0.83532969 0.34362188 0.81013906 0.31844688 0.78662813 0.29550938 0.76199844 0.29942500 0.75192188 0.31844688 0.77543281 0.36879688 0.80174219 0.40963750 0.82525313 0.44655937
10 0.99010781 0.46169219 0.89522500 0.46169219 0.89522500 0.57308281 0.99010781 0.57308281 0.99010781 0.46169219
9 0.93832969 0.53796406 0.81125938 0.53796406 0.81125938 0.69672187 0.93832969 0.69672187 0.93832969 0.53796406
