10 0.04385156 0.55443750 0.18147188 0.55443750 0.18147188 0.48392656 0.04385156 0.48392656 0.04385156 0.55443750
9 0.15928750 0.56423438 0.35481719 0.56423438 0.35481719 0.48328125 0.15928750 0.48328125 0.15928750 0.56423438
10 0.00838437 0.42562188 0.12214219 0.42562188 0.12214219 0.32915312 0.00838437 0.32915312 0.00838437 0.42562188
9 0.08383438 0.46016719 0.29213438 0.46016719 0.29213438 0.32593125 0.08383438 0.32593125 0.08383438 0.46016719
11 0.30438594 0.47512031 0.37106719 0.47512031 0.37106719 0.41621406 0.30438594 0.41621406 0.30438594 0.47512031
11 0.36964531 0.37451094 0.43859844 0.37451094 0.43859844 0.29091719 0.36964531 0.29091719 0.36964531 0.37451094
9 0.40628906 0.55898750 0.49347656 0.55898750 0.49347656 0.39594062 0.40628906 0.39594062 0.40628906 0.55898750
9 0.54927656 0.37452656 0.74404063 0.37452656 0.74404063 0.28208125 0.54927656 0.28208125 0.54927656 0.37452656
9 0.70058125 0.42010625 0.83551875 0.42010625 0.83551875 0.31881562 0.70058125 0.31881562 0.70058125 0.42010625
10 0.81486094 0.44155625 0.92940937 0.44155625 0.92940937 0.33356875 0.81486094 0.33356875 0.81486094 0.44155625
10 0.82559375 0.57363906 0.94041094 0.57363906 0.94041094 0.46099688 0.82559375 0.46099688 0.82559375 0.57363906
9 0.65390313 0.52001719 0.86046719 0.52001719 0.86046719 0.41807187 0.65390313 0.41807187 0.65390313 0.52001719
9 0.50863594 0.54950781 0.65014531 0.54950781 0.65014531 0.44557031 0.50863594 0.44557031 0.50863594 0.54950781
10 0.55933594 0.71635781 0.63834062 0.71635781 0.63834062 0.59110469 0.55933594 0.59110469 0.55933594 0.71635781
9 0.65980313 0.70243594 0.56738437 0.70243594 0.56738437 0.78125000 0.65980313 0.78125000 0.65980313 0.70243594
10 0.33130938 0.68311094 0.46852813 0.68311094 0.46852813 0.56561875 0.33130938 0.56561875 0.33130938 0.68311094
9 0.49481875 0.67292656 0.40240000 0.67292656 0.40240000 0.78125000 0.49481875 0.78125000 0.49481875 0.67292656
