7 0.22276875 0.31076562 0.11410156 0.31076562 0.11410156 0.40029687 0.22276875 0.40029687 0.22276875 0.31076562
6 0.43685469 0.29138125 0.22745781 0.29138125 0.22745781 0.38775313 0.43685469 0.38775313 0.43685469 0.29138125
7 0.27621719 0.44215469 0.18694375 0.44215469 0.18694375 0.56097969 0.27621719 0.56097969 0.27621719 0.44215469
8 0.33864375 0.55253438 0.23545000 0.55253438 0.23545000 0.63336250 0.33864375 0.63336250 0.33864375 0.55253438
7 0.51310312 0.27566094 0.51310312 0.21875000 0.36294844 0.21875000 0.36294844 0.27566094 0.51310312 0.27566094
7 0.59309687 0.26471094 0.45487813 0.26471094 0.45487813 0.34898125 0.59309687 0.34898125 0.59309687 0.26471094
6 0.85384688 0.21875000 0.57895469 0.21875000 0.57895469 0.32468906 0.85384688 0.32468906 0.85384688 0.21875000
7 0.88058281 0.26913125 0.78225000 0.26913125 0.78225000 0.36313438 0.88058281 0.36313438 0.88058281 0.26913125
6 0.79330000 0.29951719 0.61475313 0.29951719 0.61475313 0.38212969 0.79330000 0.38212969 0.79330000 0.29951719
6 0.56735313 0.40392813 0.38593281 0.40392813 0.38593281 0.61145625 0.56735313 0.61145625 0.56735313 0.40392813
7 0.40305781 0.58810625 0.29400469 0.58810625 0.29400469 0.68505469 0.40305781 0.68505469 0.40305781 0.58810625
7 0.68226094 0.37464687 0.57210469 0.37464687 0.57210469 0.46941094 0.68226094 0.46941094 0.68226094 0.37464687
8 0.98742500 0.22107031 0.86577812 0.22107031 0.86577812 0.28128437 0.98742500 0.28128437 0.98742500 0.22107031
6 0.45664531 0.35909531 0.25909375 0.35909531 0.25909375 0.50198281 0.45664531 0.50198281 0.45664531 0.35909531
