4 0.00347812 0.68952031 0.13841719 0.68952031 0.13841719 0.57909844 0.00347812 0.57909844 0.00347812 0.68952031
4 0.45139375 0.61059219 0.54863594 0.61059219 0.54863594 0.52441250 0.45139375 0.52441250 0.45139375 0.61059219
4 0.59462187 0.42905781 0.72061250 0.42905781 0.72061250 0.36295312 0.59462187 0.36295312 0.59462187 0.42905781
4 0.88368594 0.31955000 0.88368594 0.40222188 1.00000000 0.40222188 1.00000000 0.31955000 0.88368594 0.31955000
4 0.08247188 0.46536250 0.17786250 0.46536250 0.17786250 0.37770938 0.08247188 0.37770938 0.08247188 0.46536250
4 0.19444844 0.37301875 0.28672813 0.37301875 0.28672813 0.28135625 0.19444844 0.28135625 0.19444844 0.37301875
4 0.23871875 0.31382344 0.33327031 0.31382344 0.33327031 0.22753594 0.23871875 0.22753594 0.23871875 0.31382344
4 0.27778281 0.64532031 0.39165000 0.64532031 0.39165000 0.54698125 0.27778281 0.54698125 0.27778281 0.64532031
3 0.57118594 0.59796406 0.81291250 0.59796406 0.81291250 0.48045625 0.57118594 0.48045625 0.57118594 0.59796406
3 0.34635937 0.44405313 0.54469219 0.44405313 0.54469219 0.27527969 0.34635937 0.27527969 0.34635937 0.44405313
3 0.19010937 0.48509687 0.42241719 0.48509687 0.42241719 0.37250312 0.19010937 0.37250312 0.19010937 0.48509687
3 0.11979531 0.65005469 0.32695937 0.65005469 0.32695937 0.48889375 0.11979531 0.48889375 0.11979531 0.65005469
5 0.99999844 0.57909844 0.89236563 0.57909844 0.89236563 0.78125000 0.99999844 0.78125000 0.99999844 0.57909844
5 0.80556094 0.54271406 0.93834531 0.54271406 0.93834531 0.44715469 0.80556094 0.44715469 0.80556094 0.54271406
5 0.61198438 0.64295313 0.73954688 0.64295313 0.73954688 0.55305781 0.61198438 0.55305781 0.61198438 0.64295313
