4 0.03906719 0.71162187 0.19758281 0.71162187 0.19758281 0.61121719 0.03906719 0.61121719 0.03906719 0.71162187
4 0.61285312 0.44247344 0.72929375 0.44247344 0.72929375 0.35514062 0.61285312 0.35514062 0.61285312 0.44247344
4 0.14670625 0.52692812 0.25201719 0.52692812 0.25201719 0.43152969 0.14670625 0.43152969 0.14670625 0.52692812
4 0.22917187 0.32566094 0.32459375 0.32566094 0.32459375 0.22840625 0.22917187 0.22840625 0.22917187 0.32566094
4 0.64323438 0.69662344 0.73481250 0.69662344 0.73481250 0.60253750 0.64323438 0.60253750 0.64323438 0.69662344
4 0.71114688 0.68066094 0.61719062 0.68066094 0.61719062 0.78125000 0.71114688 0.78125000 0.71114688 0.68066094
3 0.48431406 0.73845625 0.62752500 0.73845625 0.62752500 0.51139219 0.48431406 0.51139219 0.48431406 0.73845625
3 0.67742812 0.56955000 0.86103594 0.56955000 0.86103594 0.35687812 0.67742812 0.35687812 0.67742812 0.56955000
5 0.80975625 0.56000312 0.92352969 0.56000312 0.92352969 0.35565313 0.80975625 0.35565313 0.80975625 0.56000312
5 0.42622187 0.39511875 0.59439375 0.39511875 0.59439375 0.28482969 0.42622187 0.28482969 0.42622187 0.39511875
5 0.23524844 0.53955781 0.40979219 0.53955781 0.40979219 0.44715625 0.23524844 0.44715625 0.23524844 0.53955781
3 0.38542031 0.51114375 0.60622500 0.51114375 0.60622500 0.38031562 0.38542031 0.38031562 0.38542031 0.51114375
3 0.25521250 0.66742031 0.44529219 0.66742031 0.44529219 0.52195938 0.25521250 0.52195938 0.25521250 0.66742031
5 0.16580312 0.74713750 0.30566094 0.74713750 0.30566094 0.63552344 0.16580312 0.63552344 0.16580312 0.74713750
5 0.77865000 0.36907031 0.90600156 0.36907031 0.90600156 0.24663281 0.77865000 0.24663281 0.77865000 0.36907031
