10 0.38452812 0.31317031 0.16327344 0.31317031 0.16327344 0.47616250 0.38452812 0.47616250 0.38452812 0.31317031
10 0.49921875 0.31508281 0.35681250 0.31508281 0.35681250 0.40926250 0.49921875 0.40926250 0.49921875 0.31508281
10 0.24371406 0.51757812 0.10035313 0.51757812 0.10035313 0.65883906 0.24371406 0.65883906 0.24371406 0.51757812
10 0.54557031 0.53976094 0.33355469 0.53976094 0.33355469 0.66094219 0.54557031 0.66094219 0.54557031 0.53976094
10 0.66822656 0.46103281 0.53920000 0.46103281 0.53920000 0.59261250 0.66822656 0.59261250 0.66822656 0.46103281
10 0.95781719 0.36378906 0.81955156 0.36378906 0.81955156 0.55247187 0.95781719 0.55247187 0.95781719 0.36378906
11 0.81955000 0.26590000 0.68383437 0.26590000 0.68383437 0.34098594 0.81955000 0.34098594 0.81955000 0.26590000
9 0.68112813 0.24992500 0.47787188 0.24992500 0.47787188 0.39651875 0.68112813 0.39651875 0.68112813 0.24992500
9 0.85507344 0.31209375 0.69211875 0.31209375 0.69211875 0.46197344 0.85507344 0.46197344 0.85507344 0.31209375
9 0.77160469 0.46899531 0.67141094 0.46899531 0.67141094 0.75796719 0.77160469 0.75796719 0.77160469 0.46899531
9 0.33897031 0.65377500 0.21743125 0.65377500 0.21743125 0.77696406 0.33897031 0.77696406 0.33897031 0.65377500
