10 0.04506562 0.53821563 0.18476875 0.53821563 0.18476875 0.41588281 0.04506562 0.41588281 0.04506562 0.53821563
9 0.12133125 0.69416875 0.30644531 0.69416875 0.30644531 0.53721094 0.12133125 0.53721094 0.12133125 0.69416875
11 0.29719844 0.71634219 0.39634219 0.71634219 0.39634219 0.65738594 0.29719844 0.65738594 0.29719844 0.71634219
10 0.26251719 0.48039062 0.40300938 0.48039062 0.40300938 0.27706250 0.26251719 0.27706250 0.26251719 0.48039062
10 0.38474844 0.47109844 0.52399531 0.47109844 0.52399531 0.38001094 0.38474844 0.38001094 0.38474844 0.47109844
10 0.55823594 0.21875000 0.55823594 0.41091719 0.67527969 0.41091719 0.67527969 0.21875000 0.55823594 0.21875000
10 0.71346406 0.45242188 0.84669219 0.45242188 0.84669219 0.31862031 0.71346406 0.31862031 0.71346406 0.45242188
10 0.82884687 0.74710469 0.94838125 0.74710469 0.94838125 0.60566094 0.82884687 0.60566094 0.82884687 0.74710469
9 0.42438437 0.64714219 0.61551250 0.64714219 0.61551250 0.47524844 0.42438437 0.47524844 0.42438437 0.64714219
11 0.90604375 0.43739219 0.99299688 0.43739219 0.99299688 0.35619062 0.90604375 0.35619062 0.90604375 0.43739219
9 0.79066094 0.61243750 0.94941719 0.61243750 0.94941719 0.43608906 0.79066094 0.43608906 0.79066094 0.61243750
9 0.59600625 0.62956563 0.57608437 0.63620312 0.55035156 0.64449844 0.53457969 0.65777188 0.51880781 0.66855625 0.49473438 0.67934219 0.47232188 0.69344531 0.45406094 0.71086719 0.43413750 0.72331094 0.41753594 0.73658437 0.42832813 0.75898281 0.44077813 0.77391562 0.45738125 0.77308594 0.48228281 0.76645000 0.50635625 0.76313125 0.53375000 0.75400625 0.55450156 0.76064219 0.57359375 0.75566563 0.59019531 0.73990312 0.59434531 0.71916250 0.61592813 0.70920781 0.62837969 0.72165156 0.64830156 0.72580000 0.66573437 0.70588906 0.68565625 0.70340000 0.70474844 0.70754844 0.72135000 0.69261562 0.69478750 0.67934219 0.66822344 0.67436406 0.66075313 0.65362344 0.66656406 0.63122500 0.68275000 0.61013750 0.67901563 0.59887031 0.65826250 0.60550781 0.64000156 0.61048437 0.61841875 0.62127031 0.59600625 0.62956563
