7 0.11155000 0.29623437 0.00599688 0.29623437 0.00599688 0.40787500 0.11155000 0.40787500 0.11155000 0.29623437
6 0.31737656 0.21947031 0.13793594 0.21947031 0.13793594 0.37526875 0.31737656 0.37526875 0.31737656 0.21947031
6 0.26328125 0.33521563 0.11694844 0.33521563 0.11694844 0.49335625 0.26328125 0.49335625 0.26328125 0.33521563
8 0.33584844 0.40791250 0.26256250 0.40791250 0.26256250 0.48957188 0.33584844 0.48957188 0.33584844 0.40791250
8 0.41920937 0.48634688 0.32781094 0.48634688 0.32781094 0.55622031 0.41920937 0.55622031 0.41920937 0.48634688
6 0.39534219 0.61673437 0.17488125 0.61673437 0.17488125 0.75759375 0.39534219 0.75759375 0.39534219 0.61673437
8 0.17691875 0.71484531 0.09523750 0.71484531 0.09523750 0.78124844 0.17691875 0.78124844 0.17691875 0.71484531
7 0.51216719 0.59430000 0.40037813 0.59430000 0.40037813 0.69036094 0.51216719 0.69036094 0.51216719 0.59430000
7 0.48709844 0.22006875 0.39821875 0.22006875 0.39821875 0.34961250 0.48709844 0.34961250 0.48709844 0.22006875
6 0.51252656 0.33701719 0.39342031 0.33701719 0.39342031 0.58916562 0.51252656 0.58916562 0.51252656 0.33701719
6 0.66689844 0.22007031 0.51288750 0.22007031 0.51288750 0.43391406 0.66689844 0.43391406 0.66689844 0.22007031
6 0.92873906 0.24046094 0.78216719 0.24046094 0.78216719 0.50439844 0.92873906 0.50439844 0.92873906 0.24046094
8 0.85821406 0.51213594 0.78216719 0.51213594 0.78216719 0.62195156 0.85821406 0.62195156 0.85821406 0.51213594
8 0.97216094 0.61649062 0.88579844 0.61649062 0.88579844 0.69435781 0.97216094 0.69435781 0.97216094 0.61649062
7 0.99999844 0.22679688 0.93761562 0.22679688 0.93761562 0.33632344 0.99999844 0.33632344 0.99999844 0.22679688
6 1.00000000 0.61406875 1.00000000 0.33844062 0.90091094 0.33844062 0.90091094 0.61406875 1.00000000 0.61406875
7 0.99555000 0.70644844 0.91302656 0.70644844 0.91302656 0.78124844 0.99555000 0.78124844 0.99555000 0.70644844
8 0.86840938 0.65847344 0.79980000 0.65847344 0.79980000 0.73796562 0.86840938 0.73796562 0.86840938 0.65847344
6 0.74846250 0.78125000 0.91338594 0.78125000 0.91338594 0.71964375 0.74846250 0.71964375 0.74846250 0.78125000
