7 0.42709687 0.73587500 0.52352813 0.73587500 0.52352813 0.61218281 0.42709687 0.61218281 0.42709687 0.73587500
7 0.34922813 0.68927031 0.24225625 0.68927031 0.24225625 0.78125000 0.34922813 0.78125000 0.34922813 0.68927031
6 0.25090937 0.68375781 0.38761250 0.68375781 0.38761250 0.44865937 0.25090937 0.44865937 0.25090937 0.68375781
6 0.41954375 0.60966719 0.52604375 0.60966719 0.52604375 0.37562031 0.41954375 0.37562031 0.41954375 0.60966719
8 0.43448906 0.37121719 0.50339062 0.37121719 0.50339062 0.27585000 0.43448906 0.27585000 0.43448906 0.37121719
6 0.52069687 0.38190781 0.71371406 0.38190781 0.71371406 0.21875000 0.52069687 0.21875000 0.52069687 0.38190781
7 0.86787813 0.44856875 0.98947969 0.44856875 0.98947969 0.32430625 0.86787813 0.32430625 0.86787813 0.44856875
6 0.66715156 0.36516719 0.93583750 0.36516719 0.93583750 0.21875000 0.66715156 0.21875000 0.66715156 0.36516719
7 0.23360469 0.44600313 0.33365469 0.44600313 0.33365469 0.31722656 0.23360469 0.31722656 0.23360469 0.44600313
6 0.23517813 0.21875000 0.23517813 0.33168750 0.35693594 0.33168750 0.35693594 0.21875000 0.23517813 0.21875000
8 0.31540625 0.46025469 0.41042188 0.46025469 0.41042188 0.35528594 0.31540625 0.35528594 0.31540625 0.46025469
