5 0.00781562 0.70925156 0.13526094 0.70925156 0.13526094 0.48274375 0.00781562 0.48274375 0.00781562 0.70925156
5 0.26562812 0.74003438 0.44371406 0.74003438 0.44371406 0.60687812 0.26562812 0.60687812 0.26562812 0.74003438
5 0.94307813 0.57649531 0.79948438 0.57649531 0.79948438 0.78125000 0.94307813 0.78125000 0.94307813 0.57649531
5 0.33681094 0.41011250 0.46186094 0.41011250 0.46186094 0.21885469 0.33681094 0.21885469 0.33681094 0.41011250
5 0.51215781 0.71714375 0.65434844 0.71714375 0.65434844 0.51833438 0.51215781 0.51833438 0.51215781 0.71714375
5 0.40365156 0.74319062 0.57545781 0.74319062 0.57545781 0.57128750 0.40365156 0.57128750 0.40365156 0.74319062
5 0.47569844 0.61217031 0.61727031 0.61217031 0.61727031 0.40201719 0.47569844 0.40201719 0.47569844 0.61217031
5 0.55729531 0.57902188 0.65907969 0.57902188 0.65907969 0.36902969 0.55729531 0.36902969 0.55729531 0.57902188
4 0.25174062 0.63348125 0.36167031 0.63348125 0.36167031 0.51052344 0.25174062 0.51052344 0.25174062 0.63348125
3 0.44444844 0.43537031 0.59360313 0.43537031 0.59360313 0.25184219 0.44444844 0.25184219 0.44444844 0.43537031
3 0.58507344 0.46062969 0.71351406 0.46062969 0.71351406 0.23014219 0.58507344 0.23014219 0.58507344 0.46062969
3 0.27170625 0.49693594 0.45160469 0.49693594 0.45160469 0.27701719 0.27170625 0.27701719 0.27170625 0.49693594
3 0.47222656 0.78124844 0.61726875 0.78124844 0.61726875 0.67380781 0.47222656 0.67380781 0.47222656 0.78124844
3 0.50761563 0.67033125 0.37847812 0.67033125 0.37847812 0.78125000 0.50761563 0.78125000 0.50761563 0.67033125
