9 0.10532656 0.50772813 0.26082500 0.50772813 0.26082500 0.30124063 0.10532656 0.30124063 0.10532656 0.50772813
11 0.11381406 0.58577500 0.17221719 0.58577500 0.17221719 0.50373594 0.11381406 0.50373594 0.11381406 0.58577500
10 0.28952813 0.21875000 0.28952813 0.33409375 0.38087813 0.33409375 0.38087813 0.21875000 0.28952813 0.21875000
10 0.38162656 0.35604531 0.57481094 0.35604531 0.57481094 0.26317812 0.38162656 0.26317812 0.38162656 0.35604531
9 0.25121406 0.48277813 0.37314063 0.48277813 0.37314063 0.31247188 0.25121406 0.31247188 0.25121406 0.48277813
9 0.58230000 0.36302187 0.87332500 0.36302187 0.87332500 0.26327031 0.58230000 0.26327031 0.58230000 0.36302187
10 0.72007500 0.54156875 0.98164844 0.54156875 0.98164844 0.46410781 0.72007500 0.46410781 0.72007500 0.54156875
11 0.66591406 0.43805625 0.75876250 0.43805625 0.75876250 0.35864687 0.66591406 0.35864687 0.66591406 0.43805625
10 0.60950625 0.61170000 0.75776406 0.61170000 0.75776406 0.53648125 0.60950625 0.53648125 0.60950625 0.61170000
10 0.39373125 0.68311563 0.50816875 0.68311563 0.50816875 0.56494687 0.39373125 0.56494687 0.39373125 0.68311563
9 0.47272812 0.55690938 0.47921719 0.58235156 0.50717187 0.62226406 0.52963594 0.62176406 0.56158281 0.60081094 0.58853906 0.57187500 0.61799219 0.55391562 0.65243594 0.52398281 0.66990625 0.49055625 0.68088906 0.46112188 0.68687969 0.44016875 0.67340156 0.42270781 0.65742813 0.41422656 0.62248437 0.42869375 0.57256562 0.46261875 0.53961875 0.48955937 0.49519219 0.53046875 0.47272812 0.55690938
9 0.60451406 0.76302656 0.61449688 0.72610781 0.62298281 0.68819219 0.63546250 0.64079844 0.64444844 0.61784844 0.65792656 0.60338125 0.64594531 0.57544375 0.63546250 0.54950156 0.61200156 0.55299375 0.58155156 0.57893594 0.56657500 0.62134062 0.56108437 0.67871406 0.55759063 0.74207187 0.56857188 0.76152969 0.60451406 0.76302656
11 0.21202969 0.57180156 0.28391250 0.57180156 0.28391250 0.50278594 0.21202969 0.50278594 0.21202969 0.57180156
9 0.32833906 0.71598125 0.34581094 0.73942969 0.37176875 0.75090313 0.39473125 0.72995000 0.39173594 0.68904062 0.37925625 0.66459531 0.35978750 0.63865313 0.33982031 0.61021719 0.31635937 0.57878594 0.29339688 0.56132500 0.27243125 0.57230156 0.26294531 0.58627031 0.27292969 0.62568281 0.27342969 0.65960781 0.28740625 0.69402969 0.31486094 0.70301094 0.32833906 0.71598125
10 0.42867656 0.48380781 0.54286406 0.48380781 0.54286406 0.36613594 0.42867656 0.36613594 0.42867656 0.48380781
9 0.29489375 0.57510469 0.47422656 0.57510469 0.47422656 0.42541094 0.29489375 0.42541094 0.29489375 0.57510469
