10 0.21469844 0.49067812 0.41884375 0.49067812 0.41884375 0.27129531 0.21469844 0.27129531 0.21469844 0.49067812
11 0.15266875 0.46685312 0.22428906 0.46685312 0.22428906 0.36758437 0.15266875 0.36758437 0.15266875 0.46685312
9 0.20222812 0.59421250 0.34130937 0.59421250 0.34130937 0.46670000 0.20222812 0.46670000 0.20222812 0.59421250
10 0.28136094 0.73686875 0.40893125 0.73686875 0.40893125 0.57892813 0.28136094 0.57892813 0.28136094 0.73686875
10 0.54369687 0.76084688 0.68181875 0.76084688 0.68181875 0.64491719 0.54369687 0.64491719 0.54369687 0.76084688
11 0.30693906 0.54202656 0.40749375 0.54202656 0.40749375 0.47629063 0.30693906 0.47629063 0.30693906 0.54202656
9 0.39246562 0.67942656 0.57247187 0.67942656 0.57247187 0.49067656 0.39246562 0.49067656 0.39246562 0.67942656
10 0.40365469 0.48558125 0.57582969 0.48558125 0.57582969 0.30203906 0.40365469 0.30203906 0.40365469 0.48558125
10 0.58350313 0.44911406 0.69540781 0.44911406 0.69540781 0.33922969 0.58350313 0.33922969 0.58350313 0.44911406
10 0.60348438 0.35132812 0.74240625 0.35132812 0.74240625 0.22610469 0.60348438 0.22610469 0.60348438 0.35132812
9 0.73041719 0.41140312 0.92481094 0.41140312 0.92481094 0.31243125 0.73041719 0.31243125 0.73041719 0.41140312
11 0.90882500 0.37944844 0.99435156 0.37944844 0.99435156 0.29964062 0.90882500 0.29964062 0.90882500 0.37944844
11 0.75615469 0.76724375 0.82953281 0.76724375 0.82953281 0.64970469 0.75615469 0.64970469 0.75615469 0.76724375
9 0.58030469 0.66951563 0.78029375 0.66951563 0.78029375 0.44271875 0.58030469 0.44271875 0.58030469 0.66951563
