10 0.04674844 0.44125781 0.27988125 0.44125781 0.27988125 0.23120625 0.04674844 0.23120625 0.04674844 0.44125781
10 0.30202500 0.43142031 0.47056875 0.43142031 0.47056875 0.31501719 0.30202500 0.31501719 0.30202500 0.43142031
9 0.18761250 0.55068438 0.33062812 0.55068438 0.33062812 0.40728437 0.18761250 0.40728437 0.18761250 0.55068438
11 0.08657969 0.61707813 0.18699844 0.61707813 0.18699844 0.53615156 0.08657969 0.53615156 0.08657969 0.61707813
11 0.23451719 0.64770625 0.31479062 0.64770625 0.31479062 0.53107969 0.23451719 0.53107969 0.23451719 0.64770625
10 0.51070625 0.73377187 0.65664375 0.73377187 0.65664375 0.63565000 0.51070625 0.63565000 0.51070625 0.73377187
9 0.32140156 0.72639375 0.52731250 0.72639375 0.52731250 0.59874063 0.32140156 0.59874063 0.32140156 0.72639375
10 0.43381562 0.55057344 0.55976250 0.55057344 0.55976250 0.40113437 0.43381562 0.40113437 0.43381562 0.55057344
11 0.81150000 0.63663906 0.92114531 0.63663906 0.92114531 0.53876719 0.81150000 0.53876719 0.81150000 0.63663906
10 0.72784531 0.49001719 0.86655625 0.49001719 0.86655625 0.37191563 0.72784531 0.37191563 0.72784531 0.49001719
9 0.58821094 0.44181875 0.73214844 0.44181875 0.73214844 0.23735781 0.58821094 0.23735781 0.58821094 0.44181875
9 0.55514844 0.62573281 0.80842500 0.62573281 0.80842500 0.47110469 0.55514844 0.47110469 0.55514844 0.62573281
