9 0.66951563 0.52593125 0.72625937 0.47664219 0.74641094 0.45703281 0.73421406 0.42629219 0.71300156 0.42788281 0.68171250 0.44060312 0.64618281 0.45650156 0.61807500 0.47293125 0.57989375 0.50102187 0.56027187 0.51427188 0.53269531 0.53017187 0.56928750 0.58211094 0.62443906 0.55720156 0.66951563 0.52593125
9 0.75767812 0.51121562 0.62576406 0.51121562 0.62576406 0.64573125 0.75767812 0.64573125 0.75767812 0.51121562
10 0.98902656 0.45951094 0.85565469 0.45951094 0.85565469 0.54594688 0.98902656 0.54594688 0.98902656 0.45951094
9 0.88336250 0.43365937 0.74800156 0.43365937 0.74800156 0.53040313 0.88336250 0.53040313 0.88336250 0.43365937
9 0.76974531 0.34549531 0.65692187 0.34549531 0.65692187 0.42926563 0.76974531 0.42926563 0.76974531 0.34549531
9 0.75171406 0.22153438 0.57737500 0.22153438 0.57737500 0.35291875 0.75171406 0.35291875 0.75171406 0.22153438
9 0.49385000 0.48403906 0.40157656 0.48403906 0.40157656 0.77215312 0.49385000 0.77215312 0.49385000 0.48403906
9 0.17484062 0.61130469 0.17632500 0.65928594 0.19067813 0.67066250 0.23373906 0.64889844 0.28719375 0.61476719 0.31639531 0.59399219 0.31342656 0.57618437 0.30402187 0.54650469 0.29882500 0.52759687 0.24413281 0.56727969 0.20750625 0.59102344 0.17484062 0.61130469
9 0.24413281 0.51088906 0.22186094 0.54056875 0.20107188 0.56085000 0.21245625 0.58014063 0.24908281 0.56381719 0.29461719 0.53067500 0.31342656 0.50247969 0.32629375 0.46735938 0.33322344 0.42185156 0.33619375 0.38821563 0.33965781 0.34963125 0.32085000 0.35309531 0.28669844 0.36150312 0.27345781 0.36921406 0.26640625 0.41492656 0.26145625 0.47280156 0.24413281 0.51088906
11 0.14019375 0.63010156 0.17137500 0.62960625 0.19265781 0.60685312 0.20602188 0.59003437 0.18968906 0.57024844 0.14563906 0.59448594 0.12485000 0.60982031 0.14019375 0.63010156
