7 0.67192656 0.51235781 0.55882969 0.51235781 0.55882969 0.62287656 0.67192656 0.62287656 0.67192656 0.51235781
7 0.56607344 0.60283750 0.46243750 0.60283750 0.46243750 0.71684531 0.56607344 0.71684531 0.56607344 0.60283750
7 0.33603750 0.32678125 0.23757656 0.32678125 0.23757656 0.44731250 0.33603750 0.44731250 0.33603750 0.32678125
7 0.98830000 0.32619063 0.86618437 0.32619063 0.86618437 0.45174219 0.98830000 0.45174219 0.98830000 0.32619063
6 0.90240312 0.40665156 0.90240312 0.21875000 0.71775312 0.21875000 0.71775312 0.40665156 0.90240312 0.40665156
8 0.80645625 0.38681406 0.69483906 0.38681406 0.69483906 0.48948281 0.80645625 0.48948281 0.80645625 0.38681406
6 0.71893594 0.22057500 0.52319844 0.22057500 0.52319844 0.36211719 0.71893594 0.36211719 0.71893594 0.22057500
8 0.46510000 0.22555625 0.38585781 0.22555625 0.38585781 0.30483437 0.46510000 0.30483437 0.46510000 0.22555625
8 0.40315469 0.28484844 0.34076719 0.28484844 0.34076719 0.38462031 0.40315469 0.38462031 0.40315469 0.28484844
5 0.35821250 0.33051562 0.35821250 0.21875000 0.24245469 0.21875000 0.24245469 0.33051562 0.35821250 0.33051562
6 0.62417344 0.32460000 0.45268125 0.32460000 0.45268125 0.53920625 0.62417344 0.53920625 0.62417344 0.32460000
6 0.53487969 0.39112812 0.36442188 0.39112812 0.36442188 0.59771562 0.53487969 0.59771562 0.53487969 0.39112812
