7 0.11601250 0.51962500 0.02725938 0.51962500 0.02725938 0.63894844 0.11601250 0.63894844 0.11601250 0.51962500
6 0.17763906 0.29727187 0.03687187 0.29727187 0.03687187 0.52109219 0.17763906 0.52109219 0.17763906 0.29727187
6 0.20305469 0.50245000 0.08296094 0.50245000 0.08296094 0.69688750 0.20305469 0.69688750 0.20305469 0.50245000
6 0.35303906 0.21875000 0.21990937 0.21875000 0.21990937 0.50002188 0.35303906 0.50002188 0.35303906 0.21875000
6 0.56399375 0.32554219 0.56399375 0.21875000 0.36541719 0.21875000 0.36541719 0.32554219 0.56399375 0.32554219
6 0.24743125 0.25662031 0.17448125 0.25662031 0.17448125 0.46907812 0.24743125 0.46907812 0.24743125 0.25662031
6 0.77468437 0.32817656 0.77468437 0.21875000 0.62219687 0.21875000 0.62219687 0.32817656 0.77468437 0.32817656
6 0.97010312 0.36900000 0.97010312 0.21875000 0.74005312 0.21875000 0.74005312 0.36900000 0.97010312 0.36900000
7 0.46223906 0.32578281 0.33437500 0.32578281 0.33437500 0.45159219 0.46223906 0.45159219 0.46223906 0.32578281
7 0.32552031 0.48072969 0.23541719 0.48072969 0.23541719 0.60462500 0.32552031 0.60462500 0.32552031 0.48072969
