4 0.20862812 0.60687656 0.11545625 0.60687656 0.11545625 0.72582656 0.20862812 0.72582656 0.20862812 0.60687656
3 0.21178437 0.40028125 0.07986719 0.40028125 0.07986719 0.61375000 0.21178437 0.61375000 0.21178437 0.40028125
5 0.21020625 0.24923750 0.07378906 0.24923750 0.07378906 0.40932344 0.21020625 0.40932344 0.21020625 0.24923750
4 0.29067188 0.58083594 0.19531719 0.58083594 0.19531719 0.69899219 0.29067188 0.69899219 0.29067188 0.58083594
4 0.47921406 0.23447969 0.38889375 0.23447969 0.38889375 0.35644219 0.47921406 0.35644219 0.47921406 0.23447969
4 0.50868594 0.34223594 0.42793906 0.34223594 0.42793906 0.46538438 0.50868594 0.46538438 0.50868594 0.34223594
4 0.92887812 0.36208438 0.82639375 0.36208438 0.82639375 0.51350938 0.92887812 0.51350938 0.92887812 0.36208438
4 0.81527813 0.43847500 0.72523125 0.43847500 0.72523125 0.56086875 0.81527813 0.56086875 0.81527813 0.43847500
5 0.38297031 0.23882188 0.24740000 0.23882188 0.24740000 0.42195469 0.38297031 0.42195469 0.38297031 0.23882188
5 0.44134687 0.56000156 0.30903281 0.56000156 0.30903281 0.78124844 0.44134687 0.78124844 0.44134687 0.56000156
5 0.57861406 0.53395938 0.44531719 0.53395938 0.44531719 0.78124844 0.57861406 0.78124844 0.57861406 0.53395938
5 0.96280000 0.59385469 0.80122031 0.59385469 0.80122031 0.78124844 0.96280000 0.78124844 0.96280000 0.59385469
3 0.36009375 0.35300625 0.18159844 0.35300625 0.18159844 0.57586406 0.36009375 0.57586406 0.36009375 0.35300625
3 0.44608125 0.33604375 0.25248125 0.33604375 0.25248125 0.55771094 0.44608125 0.55771094 0.44608125 0.33604375
3 0.48315937 0.44281562 0.35938125 0.44281562 0.35938125 0.74240312 0.48315937 0.74240312 0.48315937 0.44281562
3 0.74270156 0.24576562 0.52517812 0.24576562 0.52517812 0.46299531 0.74270156 0.46299531 0.74270156 0.24576562
3 0.85866719 0.24055625 0.61458750 0.24055625 0.61458750 0.43852656 0.85866719 0.43852656 0.85866719 0.24055625
3 0.70956875 0.62510469 0.54167031 0.62510469 0.54167031 0.78124844 0.70956875 0.78124844 0.70956875 0.62510469
