10 0.99123594 0.49233906 0.90571250 0.49233906 0.90571250 0.60299844 0.99123594 0.60299844 0.99123594 0.49233906
11 0.86704531 0.23096563 0.80689687 0.23096563 0.80689687 0.31683125 0.86704531 0.31683125 0.86704531 0.23096563
10 0.73372656 0.27862813 0.53676875 0.27862813 0.53676875 0.51756406 0.73372656 0.51756406 0.73372656 0.27862813
9 0.93417500 0.31286563 0.82032344 0.31286563 0.82032344 0.51112344 0.93417500 0.51112344 0.93417500 0.31286563
11 0.43768594 0.25446250 0.34974531 0.25446250 0.34974531 0.33668906 0.43768594 0.33668906 0.43768594 0.25446250
9 0.53435156 0.33239531 0.38398125 0.33239531 0.38398125 0.47800469 0.53435156 0.47800469 0.53435156 0.33239531
10 0.29698125 0.29473906 0.20877344 0.29473906 0.20877344 0.40898438 0.29698125 0.40898438 0.29698125 0.29473906
11 0.17668438 0.27997187 0.11009062 0.27997187 0.11009062 0.35439375 0.17668438 0.35439375 0.17668438 0.27997187
10 0.30288750 0.55386250 0.18259063 0.55386250 0.18259063 0.63716875 0.30288750 0.63716875 0.30288750 0.55386250
10 0.40492656 0.57802813 0.30208281 0.57802813 0.30208281 0.67366563 0.40492656 0.67366563 0.40492656 0.57802813
10 0.24005781 0.59843750 0.06712969 0.59843750 0.06712969 0.73782344 0.24005781 0.73782344 0.24005781 0.59843750
9 0.42549844 0.67150625 0.25440156 0.67150625 0.25440156 0.73734687 0.42549844 0.73734687 0.42549844 0.67150625
11 0.44326875 0.72524375 0.36334688 0.72524375 0.36334688 0.77819844 0.44326875 0.77819844 0.44326875 0.72524375
9 0.40000781 0.40693437 0.26132500 0.40693437 0.26132500 0.59632656 0.40000781 0.59632656 0.40000781 0.40693437
9 0.29672344 0.35922969 0.14241719 0.35922969 0.14241719 0.56040000 0.29672344 0.56040000 0.29672344 0.35922969
11 0.42586406 0.50510312 0.37055781 0.50510312 0.37055781 0.58381406 0.42586406 0.58381406 0.42586406 0.50510312
10 0.74457344 0.65014062 0.58348906 0.65014062 0.58348906 0.75295313 0.74457344 0.75295313 0.74457344 0.65014062
9 0.58570312 0.56179219 0.42033281 0.56179219 0.42033281 0.74577031 0.58570312 0.74577031 0.58570312 0.56179219
