4 0.03820000 0.70846406 0.18101875 0.70846406 0.18101875 0.59298906 0.03820000 0.59298906 0.03820000 0.70846406
4 0.29167187 0.69978125 0.41452656 0.69978125 0.41452656 0.59559375 0.29167187 0.59559375 0.29167187 0.69978125
4 0.06684531 0.47010156 0.16129531 0.47010156 0.16129531 0.37250312 0.06684531 0.37250312 0.06684531 0.47010156
4 0.18663750 0.36275781 0.28120625 0.36275781 0.28120625 0.26052344 0.18663750 0.26052344 0.18663750 0.36275781
4 0.54167188 0.30750625 0.66460469 0.30750625 0.66460469 0.21875000 0.54167188 0.21875000 0.54167188 0.30750625
5 0.80729687 0.56955000 0.94623438 0.56955000 0.94623438 0.44194531 0.80729687 0.44194531 0.80729687 0.56955000
5 0.90972812 0.58257187 0.90972812 0.78125000 1.00000000 0.78125000 1.00000000 0.58257187 0.90972812 0.58257187
5 0.53385938 0.53166250 0.70246875 0.53166250 0.70246875 0.39672188 0.53385938 0.39672188 0.53385938 0.53166250
5 0.29601094 0.60901250 0.39401406 0.60901250 0.39401406 0.49923750 0.29601094 0.49923750 0.29601094 0.60901250
3 0.39410312 0.63821719 0.55889219 0.63821719 0.55889219 0.48218906 0.39410312 0.48218906 0.39410312 0.63821719
3 0.65798906 0.73687812 0.82790156 0.73687812 0.82790156 0.54958594 0.65798906 0.54958594 0.65798906 0.73687812
3 0.31163750 0.38643437 0.48789375 0.38643437 0.48789375 0.23621562 0.31163750 0.23621562 0.31163750 0.38643437
3 0.18663594 0.45825938 0.39007187 0.45825938 0.39007187 0.35166719 0.18663594 0.35166719 0.18663594 0.45825938
3 0.14323281 0.62322188 0.31828281 0.62322188 0.31828281 0.47642969 0.14323281 0.47642969 0.14323281 0.62322188
5 0.49913594 0.46773281 0.69536875 0.46773281 0.69536875 0.34212031 0.49913594 0.34212031 0.49913594 0.46773281
