10 0.44156719 0.64478750 0.59662031 0.64478750 0.59662031 0.53321250 0.44156719 0.53321250 0.44156719 0.64478750
10 0.15370000 0.72887500 0.25586719 0.72887500 0.25586719 0.54583281 0.15370000 0.54583281 0.15370000 0.72887500
10 0.27194219 0.59963125 0.39168750 0.59963125 0.39168750 0.48032656 0.27194219 0.48032656 0.27194219 0.59963125
10 0.23964062 0.44316250 0.37005156 0.44316250 0.37005156 0.30454063 0.23964062 0.30454063 0.23964062 0.44316250
10 0.32452656 0.42214063 0.50467031 0.42214063 0.50467031 0.25420781 0.32452656 0.25420781 0.32452656 0.42214063
10 0.63252812 0.38550313 0.82018437 0.38550313 0.82018437 0.28876250 0.63252812 0.28876250 0.63252812 0.38550313
11 0.85804531 0.59572187 0.94879219 0.59572187 0.94879219 0.50286250 0.85804531 0.50286250 0.85804531 0.59572187
11 0.69472812 0.71390313 0.76699688 0.71390313 0.76699688 0.61554375 0.69472812 0.61554375 0.69472812 0.71390313
9 0.54162813 0.61835938 0.71696406 0.61835938 0.71696406 0.40294844 0.54162813 0.40294844 0.54162813 0.61835938
9 0.76474375 0.51346094 0.88283438 0.51346094 0.88283438 0.36163281 0.76474375 0.36163281 0.76474375 0.51346094
11 0.53487031 0.77128594 0.64980781 0.77128594 0.64980781 0.69667656 0.53487031 0.69667656 0.53487031 0.77128594
9 0.32527812 0.71302656 0.52345000 0.71302656 0.52345000 0.59601406 0.32527812 0.59601406 0.32527812 0.71302656
9 0.38402344 0.68766094 0.23287812 0.68766094 0.23287812 0.78125000 0.38402344 0.78125000 0.38402344 0.68766094
