4 0.17944062 0.59472500 0.03820000 0.59472500 0.03820000 0.70372813 0.17944062 0.70372813 0.17944062 0.59472500
4 0.23781563 0.42632188 0.13628906 0.42632188 0.13628906 0.51351094 0.23781563 0.51351094 0.23781563 0.42632188
4 0.33090312 0.23274375 0.22222656 0.23274375 0.22222656 0.32487031 0.33090312 0.32487031 0.33090312 0.23274375
4 0.71272344 0.34125312 0.59375469 0.34125312 0.59375469 0.43142500 0.71272344 0.43142500 0.71272344 0.34125312
4 0.42399375 0.64072969 0.32205312 0.64072969 0.32205312 0.77712969 0.42399375 0.77712969 0.42399375 0.64072969
4 0.27252813 0.63639062 0.18490000 0.63639062 0.18490000 0.75108281 0.27252813 0.75108281 0.27252813 0.63639062
4 0.72061250 0.59906562 0.64410156 0.59906562 0.64410156 0.68320625 0.72061250 0.68320625 0.72061250 0.59906562
4 0.60504062 0.78125000 0.72929375 0.78125000 0.72929375 0.68673750 0.60504062 0.68673750 0.60504062 0.78125000
5 0.91546719 0.25010469 0.80642813 0.25010469 0.80642813 0.38643594 0.91546719 0.38643594 0.91546719 0.25010469
5 0.91941250 0.38465312 0.81076875 0.38465312 0.81076875 0.52298125 0.91941250 0.52298125 0.91941250 0.38465312
5 0.60543750 0.30045312 0.43490156 0.30045312 0.43490156 0.41169219 0.60543750 0.41169219 0.60543750 0.30045312
5 0.36167344 0.46972344 0.21701875 0.46972344 0.21701875 0.55692188 0.36167344 0.55692188 0.36167344 0.46972344
3 0.33721563 0.47468437 0.14236719 0.47468437 0.14236719 0.66031562 0.33721563 0.66031562 0.33721563 0.47468437
3 0.58987656 0.48983125 0.37823750 0.48983125 0.37823750 0.63812656 0.58987656 0.63812656 0.58987656 0.48983125
3 0.43274219 0.52061250 0.24570625 0.52061250 0.24570625 0.65375156 0.43274219 0.65375156 0.43274219 0.52061250
3 0.58729219 0.35576250 0.38194844 0.35576250 0.38194844 0.48272813 0.58729219 0.48272813 0.58729219 0.35576250
3 0.48631406 0.32285469 0.24219063 0.32285469 0.24219063 0.48115000 0.48631406 0.48115000 0.48631406 0.32285469
3 0.85630156 0.35514219 0.69076562 0.35514219 0.69076562 0.57981094 0.85630156 0.57981094 0.85630156 0.35514219
