7 0.38139375 0.30401094 0.28212187 0.30401094 0.28212187 0.41762031 0.38139375 0.41762031 0.38139375 0.30401094
6 0.35062812 0.41764063 0.24132500 0.41764063 0.24132500 0.56512969 0.35062812 0.56512969 0.35062812 0.41764063
8 0.29934844 0.56607656 0.21267656 0.56607656 0.21267656 0.68503281 0.29934844 0.68503281 0.29934844 0.56607656
8 0.90994687 0.23534844 0.80642813 0.23534844 0.80642813 0.41446406 0.90994687 0.41446406 0.90994687 0.23534844
5 0.56441406 0.42111250 0.43048125 0.42111250 0.43048125 0.54304375 0.56441406 0.54304375 0.56441406 0.42111250
6 0.69379219 0.31260469 0.51302656 0.31260469 0.51302656 0.42629531 0.69379219 0.42629531 0.69379219 0.31260469
6 0.83894531 0.36642500 0.71180937 0.36642500 0.71180937 0.55645469 0.83894531 0.55645469 0.83894531 0.36642500
6 0.63209844 0.47059219 0.48394844 0.47059219 0.48394844 0.70554375 0.63209844 0.70554375 0.63209844 0.47059219
7 0.73177500 0.54146563 0.65040156 0.54146563 0.65040156 0.64594062 0.73177500 0.64594062 0.73177500 0.54146563
7 0.71614062 0.41604219 0.62279219 0.41604219 0.62279219 0.50444687 0.71614062 0.50444687 0.71614062 0.41604219
7 0.77691562 0.23303594 0.68195938 0.23303594 0.68195938 0.33691250 0.77691562 0.33691250 0.77691562 0.23303594
7 0.20833906 0.66531250 0.09423906 0.66531250 0.09423906 0.76920312 0.20833906 0.76920312 0.20833906 0.66531250
