7 0.27604375 0.45573438 0.40879062 0.45573438 0.40879062 0.36712500 0.27604375 0.36712500 0.27604375 0.45573438
6 0.09315469 0.42451875 0.29206875 0.42451875 0.29206875 0.23532500 0.09315469 0.23532500 0.09315469 0.42451875
6 0.11452656 0.53076094 0.11452656 0.25587500 0.00000000 0.25587500 0.00000000 0.53076094 0.11452656 0.53076094
8 0.07329062 0.60305000 0.14356875 0.60305000 0.14356875 0.53876719 0.07329062 0.53876719 0.07329062 0.60305000
7 0.00986250 0.72102656 0.12877344 0.72102656 0.12877344 0.63123750 0.00986250 0.63123750 0.00986250 0.72102656
6 0.10342969 0.69145313 0.31782500 0.69145313 0.31782500 0.47802656 0.10342969 0.47802656 0.10342969 0.69145313
8 0.08534844 0.76897969 0.16740781 0.76897969 0.16740781 0.70617656 0.08534844 0.70617656 0.08534844 0.76897969
6 0.17398281 0.78124844 0.44481875 0.78124844 0.44481875 0.70727187 0.17398281 0.70727187 0.17398281 0.78124844
7 0.54523437 0.72987344 0.43837969 0.72987344 0.43837969 0.78125000 0.54523437 0.78125000 0.54523437 0.72987344
6 0.40481719 0.46055313 0.66633906 0.46055313 0.66633906 0.35218594 0.40481719 0.35218594 0.40481719 0.46055313
8 0.68633906 0.39538125 0.78155000 0.39538125 0.78155000 0.32916563 0.68633906 0.32916563 0.68633906 0.39538125
6 0.71455781 0.58103437 0.96854531 0.58103437 0.96854531 0.47781875 0.71455781 0.47781875 0.71455781 0.58103437
7 0.60565000 0.60075156 0.72524688 0.60075156 0.72524688 0.51385781 0.60565000 0.51385781 0.60565000 0.60075156
6 0.52400156 0.53722344 0.68798281 0.53722344 0.68798281 0.43753594 0.52400156 0.43753594 0.52400156 0.53722344
6 0.73099844 0.44527031 0.93703750 0.44527031 0.93703750 0.26067187 0.73099844 0.26067187 0.73099844 0.44527031
6 0.65483125 0.21875000 0.65483125 0.34340625 0.86689687 0.34340625 0.86689687 0.21875000 0.65483125 0.21875000
