10 0.73125000 0.45468750 0.72968750 0.45625000 0.72812500 0.45625000 0.72656250 0.45781250 0.72656250 0.46093750 0.72187500 0.46562500 0.72187500 0.46718750 0.72031250 0.46875000 0.72031250 0.47500000 0.71875000 0.47656250 0.71875000 0.48281250 0.72031250 0.48437500 0.72031250 0.48593750 0.72187500 0.48750000 0.72187500 0.49531250 0.71875000 0.49843750 0.71875000 0.50156250 0.72031250 0.50312500 0.72031250 0.50468750 0.72187500 0.50468750 0.72656250 0.50937500 0.72812500 0.50937500 0.72968750 0.51093750 0.73125000 0.51093750 0.73281250 0.51250000 0.73281250 0.51718750 0.73437500 0.51875000 0.73125000 0.52187500 0.72968750 0.52187500 0.72812500 0.52343750 0.72656250 0.52343750 0.72500000 0.52500000 0.72187500 0.52500000 0.71875000 0.52812500 0.71875000 0.52968750 0.71718750 0.53125000 0.71718750 0.54062500 0.71562500 0.54218750 0.71718750 0.54375000 0.71718750 0.54531250 0.72031250 0.54843750 0.72187500 0.54843750 0.72500000 0.55156250 0.72500000 0.55312500 0.72656250 0.55468750 0.72656250 0.55781250 0.72812500 0.55937500 0.73750000 0.55937500 0.74062500 0.56250000 0.74062500 0.56406250 0.73906250 0.56562500 0.73750000 0.56562500 0.73593750 0.56718750 0.73437500 0.56718750 0.73281250 0.56875000 0.73125000 0.56875000 0.73125000 0.57031250 0.73437500 0.56718750 0.73906250 0.56718750 0.74062500 0.56562500 0.74375000 0.56562500 0.74531250 0.56406250 0.74687500 0.56406250 0.74843750 0.56250000 0.75625000 0.56250000 0.75781250 0.56093750 0.77031250 0.56093750 0.77187500 0.56250000 0.77656250 0.56250000 0.77812500 0.56406250 0.78125000 0.56406250 0.78281250 0.56562500 0.78593750 0.56562500 0.78750000 0.56718750 0.79062500 0.56718750 0.79218750 0.56875000 0.79375000 0.56875000 0.79531250 0.57031250 0.79687500 0.57031250 0.80000000 0.57343750 0.80156250 0.57343750 0.80312500 0.57500000 0.80468750 0.57500000 0.80625000 0.57656250 0.80937500 0.57656250 0.81093750 0.57812500 0.81250000 0.57812500 0.81406250 0.57968750 0.81718750 0.57968750 0.81875000 0.58125000 0.82187500 0.58125000 0.82343750 0.58281250 0.82656250 0.58281250 0.83125000 0.58750000 0.83437500 0.58750000 0.83593750 0.58906250 0.84218750 0.58906250 0.84375000 0.59062500 0.85156250 0.59062500 0.85312500 0.59218750 0.86250000 0.59218750 0.86406250 0.59375000 0.87656250 0.59375000 0.87812500 0.59531250 0.89531250 0.59531250 0.89687500 0.59375000 0.90312500 0.59375000 0.90468750 0.59218750 0.90781250 0.59218750 0.90937500 0.59062500 0.91406250 0.59062500 0.91562500 0.58906250 0.91718750 0.58906250 0.91875000 0.58750000 0.92031250 0.58750000 0.92187500 0.58593750 0.92343750 0.58593750 0.92500000 0.58437500 0.92656250 0.58437500 0.92812500 0.58281250 0.92968750 0.58281250 0.93281250 0.57968750 0.93281250 0.57343750 0.92968750 0.57031250 0.92968750 0.56875000 0.92812500 0.56875000 0.92187500 0.56250000 0.92187500 0.56093750 0.92031250 0.55937500 0.91875000 0.55937500 0.90937500 0.55000000 0.90781250 0.55000000 0.90312500 0.54531250 0.90156250 0.54531250 0.89687500 0.54062500 0.89531250 0.54062500 0.89375000 0.53906250 0.89218750 0.53906250 0.89062500 0.53750000 0.88750000 0.53750000 0.88593750 0.53593750 0.88437500 0.53593750 0.88281250 0.53437500 0.88125000 0.53437500 0.87968750 0.53281250 0.87812500 0.53281250 0.87500000 0.52968750 0.87343750 0.52968750 0.87031250 0.52656250 0.86875000 0.52656250 0.86718750 0.52500000 0.86562500 0.52500000 0.86406250 0.52343750 0.86250000 0.52343750 0.86093750 0.52187500 0.85781250 0.52187500 0.85625000 0.52031250 0.85468750 0.52031250 0.85312500 0.51875000 0.84687500 0.51875000 0.84531250 0.51718750 0.84375000 0.51875000 0.83750000 0.51875000 0.83593750 0.51718750 0.83281250 0.51718750 0.83125000 0.51562500 0.82968750 0.51562500 0.82812500 0.51406250 0.82656250 0.51406250 0.82500000 0.51250000 0.82187500 0.51250000 0.82031250 0.51093750 0.81875000 0.51093750 0.81718750 0.50937500 0.81718750 0.50781250 0.81562500 0.50781250 0.81406250 0.50625000 0.81250000 0.50625000 0.81093750 0.50468750 0.80937500 0.50468750 0.80781250 0.50312500 0.80625000 0.50312500 0.80468750 0.50156250 0.79687500 0.50156250 0.79218750 0.49687500 0.78906250 0.49687500 0.77968750 0.48750000 0.77656250 0.48750000 0.76562500 0.47656250 0.76562500 0.47500000 0.76250000 0.47500000 0.75312500 0.46562500 0.75156250 0.46562500 0.75000000 0.46406250 0.74843750 0.46406250 0.74218750 0.45781250 0.74062500 0.45781250 0.73906250 0.45625000 0.73750000 0.45625000 0.73593750 0.45468750
11 0.61718750 0.42343750 0.61562500 0.42500000 0.61562500 0.42656250 0.61406250 0.42812500 0.61406250 0.43593750 0.61250000 0.43750000 0.61250000 0.44062500 0.61093750 0.44218750 0.61093750 0.44687500 0.60937500 0.44843750 0.60937500 0.45000000 0.60781250 0.45156250 0.60781250 0.45312500 0.60625000 0.45468750 0.60468750 0.45468750 0.60312500 0.45625000 0.60312500 0.45781250 0.60000000 0.46093750 0.59531250 0.46093750 0.59375000 0.45937500 0.59531250 0.45781250 0.59687500 0.45781250 0.59531250 0.45781250 0.59375000 0.45625000 0.59062500 0.45625000 0.58906250 0.45468750 0.58906250 0.45312500 0.59062500 0.45156250 0.59218750 0.45156250 0.59062500 0.45156250 0.58906250 0.45312500 0.58437500 0.45312500 0.58281250 0.45156250 0.58125000 0.45156250 0.57968750 0.45000000 0.57968750 0.44687500 0.58125000 0.44531250 0.58750000 0.44531250 0.59062500 0.44843750 0.59218750 0.44843750 0.58906250 0.44531250 0.58906250 0.44375000 0.58437500 0.43906250 0.58125000 0.43906250 0.57968750 0.44062500 0.57656250 0.44062500 0.57500000 0.43906250 0.57500000 0.43750000 0.57343750 0.43906250 0.57343750 0.44375000 0.57500000 0.44531250 0.57500000 0.44687500 0.57812500 0.45000000 0.57812500 0.45312500 0.57968750 0.45312500 0.58125000 0.45468750 0.58125000 0.46250000 0.58437500 0.46562500 0.58437500 0.47031250 0.58750000 0.47343750 0.58750000 0.47500000 0.58906250 0.47656250 0.58906250 0.47812500 0.59062500 0.47968750 0.59062500 0.48281250 0.59218750 0.48437500 0.59218750 0.48593750 0.59375000 0.48593750 0.59531250 0.48750000 0.59531250 0.48906250 0.59687500 0.48906250 0.60156250 0.49375000 0.60312500 0.49375000 0.60468750 0.49531250 0.60312500 0.49687500 0.60156250 0.49687500 0.60312500 0.49687500 0.60625000 0.50000000 0.60781250 0.50000000 0.60937500 0.50156250 0.60937500 0.50000000 0.60781250 0.49843750 0.60937500 0.49687500 0.60781250 0.49531250 0.60937500 0.49375000 0.60937500 0.49218750 0.61250000 0.48906250 0.61562500 0.48906250 0.61718750 0.49062500 0.62187500 0.49062500 0.62187500 0.48593750 0.62343750 0.48437500 0.62343750 0.46406250 0.62500000 0.46250000 0.62500000 0.45312500 0.62656250 0.45156250 0.62656250 0.43437500 0.62812500 0.43281250 0.62812500 0.42968750 0.62656250 0.42812500 0.62656250 0.42656250 0.62500000 0.42500000 0.62343750 0.42500000 0.62187500 0.42343750
11 0.58072969 0.45572969 0.57968750 0.45807344 0.58046875 0.46276094 0.58307344 0.46640625 0.58437500 0.47161406 0.59192656 0.48619844 0.59375000 0.48723906 0.59557344 0.49036406 0.60208281 0.49453125 0.60130156 0.49713594 0.60468750 0.49765625 0.60755156 0.50104219 0.61015625 0.50156250 0.61067656 0.50052031 0.60937500 0.49843750 0.61119844 0.49713594 0.61223906 0.49166719 0.61484375 0.49010469 0.61744844 0.49036406 0.61901094 0.49166719 0.62161406 0.49140625 0.62291719 0.48802031 0.62526094 0.45494844 0.62656250 0.45130156 0.62760469 0.44088594 0.62812500 0.42968750 0.62708281 0.42682344 0.62213594 0.42369844 0.61588594 0.42421875 0.61432344 0.42656250 0.61328125 0.43593750 0.61067656 0.44192656 0.60989531 0.44713594 0.60703125 0.45182344 0.60703125 0.45416719 0.60234375 0.45703125 0.59973906 0.45755156 0.59713594 0.45572969 0.59557344 0.45000000 0.59062500 0.44583281 0.59062500 0.44427031 0.58489531 0.43880156 0.58098906 0.43828125 0.57760469 0.43958281 0.57447969 0.43697969 0.57317656 0.43776094 0.57343750 0.44479219 0.57682344 0.45234375 0.58072969 0.45572969
9 0.68853594 0.50542500 0.59813594 0.50542500 0.59813594 0.67070000 0.68853594 0.67070000 0.68853594 0.50542500
10 0.56805000 0.58135469 0.45272188 0.58135469 0.45272188 0.65765937 0.56805000 0.65765937 0.56805000 0.58135469
11 0.44025469 0.33365312 0.37807812 0.33365312 0.37807812 0.40566406 0.44025469 0.40566406 0.44025469 0.33365312
11 0.62205937 0.38383906 0.54741875 0.38383906 0.54741875 0.44167031 0.62205937 0.44167031 0.62205937 0.38383906
10 0.92692969 0.24325000 0.81102812 0.24325000 0.81102812 0.34787031 0.92692969 0.34787031 0.92692969 0.24325000
9 0.80873750 0.26975312 0.64999688 0.26975312 0.64999688 0.41659688 0.80873750 0.41659688 0.80873750 0.26975312
9 0.60859062 0.40084063 0.42120000 0.40084063 0.42120000 0.57741875 0.60859062 0.57741875 0.60859062 0.40084063
9 0.45286250 0.22047031 0.30816406 0.22047031 0.30816406 0.35772813 0.45286250 0.35772813 0.45286250 0.22047031
11 0.32671406 0.37242500 0.27666719 0.37242500 0.27666719 0.44233438 0.32671406 0.44233438 0.32671406 0.37242500
10 0.23442812 0.51787969 0.12606563 0.51787969 0.12606563 0.72894219 0.23442812 0.72894219 0.23442812 0.51787969
11 0.35320000 0.45060469 0.24515937 0.45060469 0.24515937 0.52387969 0.35320000 0.52387969 0.35320000 0.45060469
10 0.61530781 0.64479844 0.42347187 0.64479844 0.42347187 0.74537969 0.61530781 0.74537969 0.61530781 0.64479844
10 0.73719219 0.66464688 0.60887187 0.66464688 0.60887187 0.78124844 0.73719219 0.78124844 0.73719219 0.66464688
9 0.44278594 0.51695313 0.29322344 0.51695313 0.29322344 0.68267188 0.44278594 0.68267188 0.44278594 0.51695313
