7 0.15833281 0.32578125 0.03645781 0.32578125 0.03645781 0.44846875 0.15833281 0.44846875 0.15833281 0.32578125
8 0.28020781 0.43776250 0.21744844 0.43776250 0.21744844 0.52030000 0.28020781 0.52030000 0.28020781 0.43776250
6 0.29270781 0.22161563 0.12057344 0.22161563 0.12057344 0.41619687 0.29270781 0.41619687 0.29270781 0.22161563
8 0.31875000 0.55104219 0.25651094 0.55104219 0.25651094 0.63897969 0.31875000 0.63897969 0.31875000 0.55104219
8 0.28939063 0.42725000 0.12785469 0.42725000 0.12785469 0.57522969 0.28939063 0.57522969 0.28939063 0.42725000
8 0.18760000 0.54967344 0.23726562 0.57621094 0.25742656 0.58653125 0.28250469 0.56933125 0.29578281 0.55262188 0.29775000 0.52559219 0.27316250 0.51232188 0.26037656 0.50151094 0.24218281 0.50495156 0.22595469 0.49512187 0.22103750 0.46956719 0.21808750 0.44695937 0.21071094 0.42877656 0.20333594 0.41698125 0.18809063 0.40715156 0.16694687 0.38798594 0.15071875 0.38159688 0.12760625 0.39732344 0.11187031 0.42189531 0.09269375 0.43811406 0.11973906 0.48087031 0.16202812 0.53394688 0.18760000 0.54967344
8 0.40126250 0.60082500 0.32455000 0.60082500 0.32455000 0.66652344 0.40126250 0.66652344 0.40126250 0.60082500
7 0.57619062 0.26265000 0.46474219 0.26265000 0.46474219 0.38572500 0.57619062 0.38572500 0.57619062 0.26265000
6 0.51021094 0.33908437 0.34140312 0.33908437 0.34140312 0.52049375 0.51021094 0.52049375 0.51021094 0.33908437
6 0.88571406 0.44845156 0.58063438 0.44845156 0.58063438 0.56374062 0.88571406 0.56374062 0.88571406 0.44845156
7 0.97325312 0.45210000 0.86285000 0.45210000 0.86285000 0.55747344 0.97325312 0.55747344 0.97325312 0.45210000
8 0.54613906 0.42531562 0.46500156 0.42531562 0.46500156 0.50158437 0.54613906 0.50158437 0.54613906 0.42531562
6 0.96554375 0.33189844 0.74003438 0.33189844 0.74003438 0.46134687 0.96554375 0.46134687 0.96554375 0.33189844
6 0.96985469 0.26784844 0.81110781 0.26784844 0.81110781 0.36440781 0.96985469 0.36440781 0.96985469 0.26784844
6 0.93810625 0.22018906 0.77034687 0.22018906 0.77034687 0.32627969 0.93810625 0.32627969 0.93810625 0.22018906
7 0.77805469 0.27718281 0.77805469 0.21875000 0.64125781 0.21875000 0.64125781 0.27718281 0.77805469 0.27718281
6 0.69066094 0.31447656 0.51794844 0.31447656 0.51794844 0.46580937 0.69066094 0.46580937 0.69066094 0.31447656
7 0.49118906 0.48931406 0.39401406 0.48931406 0.39401406 0.60266562 0.49118906 0.60266562 0.49118906 0.48931406
