4 0.27083750 0.74871562 0.38770469 0.74871562 0.38770469 0.60427344 0.27083750 0.60427344 0.27083750 0.74871562
4 0.43055937 0.60980156 0.54548125 0.60980156 0.54548125 0.50357812 0.43055937 0.50357812 0.43055937 0.60980156
4 0.49132344 0.47010156 0.59360313 0.47010156 0.59360313 0.38552344 0.49132344 0.38552344 0.49132344 0.47010156
5 0.90451875 0.56173750 0.90451875 0.78125000 1.00000000 0.78125000 1.00000000 0.56173750 0.90451875 0.56173750
3 0.30208906 0.60898750 0.42951562 0.60898750 0.42951562 0.36729375 0.30208906 0.36729375 0.30208906 0.60898750
3 0.53386094 0.56241875 0.79476875 0.56241875 0.79476875 0.43507500 0.53386094 0.43507500 0.53386094 0.56241875
3 0.50209063 0.57389062 0.37122656 0.57389062 0.37122656 0.78125000 0.50209063 0.78125000 0.50209063 0.57389062
4 0.15104531 0.41271719 0.27276719 0.41271719 0.27276719 0.32041719 0.15104531 0.32041719 0.15104531 0.41271719
3 0.24132344 0.34799687 0.45973281 0.34799687 0.45973281 0.21875000 0.24132344 0.21875000 0.24132344 0.34799687
3 0.62240156 0.34720625 0.86600937 0.34720625 0.86600937 0.22089687 0.62240156 0.22089687 0.62240156 0.34720625
3 0.60503906 0.43797500 0.83366406 0.43797500 0.83366406 0.33059219 0.60503906 0.33059219 0.60503906 0.43797500
5 0.84288594 0.39219844 0.99144063 0.39219844 0.99144063 0.29184844 0.84288594 0.29184844 0.84288594 0.39219844
5 0.74045625 0.49638125 0.92833125 0.49638125 0.92833125 0.41330000 0.74045625 0.41330000 0.74045625 0.49638125
3 0.45060937 0.39535469 0.64669844 0.39535469 0.64669844 0.21908906 0.45060937 0.21908906 0.45060937 0.39535469
