10 0.09312031 0.58669063 0.22685938 0.58669063 0.22685938 0.43636094 0.09312031 0.43636094 0.09312031 0.58669063
9 0.11012656 0.74464219 0.26242500 0.74464219 0.26242500 0.58801875 0.11012656 0.58801875 0.11012656 0.74464219
9 0.39433906 0.77158281 0.60802969 0.77158281 0.60802969 0.65362500 0.39433906 0.65362500 0.39433906 0.77158281
9 0.26476875 0.78001250 0.38497031 0.78001250 0.38497031 0.74149219 0.26476875 0.74149219 0.26476875 0.78001250
10 0.36333125 0.64006250 0.48137031 0.64006250 0.48137031 0.56237969 0.36333125 0.56237969 0.36333125 0.64006250
10 0.28235156 0.44036562 0.49800312 0.44036562 0.49800312 0.23459844 0.28235156 0.23459844 0.28235156 0.44036562
10 0.51878906 0.48390156 0.62580000 0.48390156 0.62580000 0.26863906 0.51878906 0.26863906 0.51878906 0.48390156
10 0.70099687 0.42103437 0.81252813 0.42103437 0.81252813 0.26773594 0.70099687 0.26773594 0.70099687 0.42103437
9 0.46727031 0.62595156 0.70316719 0.62595156 0.70316719 0.49459531 0.46727031 0.49459531 0.46727031 0.62595156
11 0.69430938 0.58115000 0.81433594 0.58115000 0.81433594 0.52170938 0.69430938 0.52170938 0.69430938 0.58115000
11 0.90255000 0.51177656 0.97702344 0.51177656 0.97702344 0.43313594 0.90255000 0.43313594 0.90255000 0.51177656
10 0.60175937 0.65991406 0.74564688 0.65991406 0.74564688 0.56689844 0.60175937 0.56689844 0.60175937 0.65991406
9 0.76444844 0.67798125 0.90471875 0.67798125 0.90471875 0.49097812 0.76444844 0.49097812 0.76444844 0.67798125
