7 0.54818594 0.73250000 0.65239687 0.73250000 0.65239687 0.59928125 0.54818594 0.59928125 0.54818594 0.73250000
7 0.64576250 0.67608594 0.73393125 0.67608594 0.73393125 0.53089375 0.64576250 0.53089375 0.64576250 0.67608594
6 0.65010469 0.78071563 0.77204531 0.78071563 0.77204531 0.64825312 0.65010469 0.64825312 0.65010469 0.78071563
8 0.79664844 0.48547969 0.89519063 0.48547969 0.89519063 0.40027500 0.79664844 0.40027500 0.79664844 0.48547969
6 0.68318437 0.40143125 0.84384063 0.40143125 0.84384063 0.21947500 0.68318437 0.21947500 0.68318437 0.40143125
7 0.20700781 0.31579219 0.33036719 0.31579219 0.33036719 0.22444063 0.20700781 0.22444063 0.20700781 0.31579219
6 0.32650469 0.31290000 0.58770781 0.31290000 0.58770781 0.21887031 0.32650469 0.21887031 0.32650469 0.31290000
8 0.25552969 0.39616250 0.34002188 0.39616250 0.34002188 0.31953438 0.25552969 0.31953438 0.25552969 0.39616250
8 0.27822344 0.52494375 0.36995781 0.52494375 0.36995781 0.43915469 0.27822344 0.43915469 0.27822344 0.52494375
6 0.06397344 0.70883438 0.29608906 0.70883438 0.29608906 0.51057188 0.06397344 0.51057188 0.06397344 0.70883438
6 0.06530156 0.56584844 0.25589219 0.56584844 0.25589219 0.38061406 0.06530156 0.38061406 0.06530156 0.56584844
