7 0.12748438 0.49250938 0.01210469 0.49250938 0.01210469 0.58061562 0.12748438 0.58061562 0.12748438 0.49250938
7 0.40376875 0.33754844 0.26985156 0.33754844 0.26985156 0.43360781 0.40376875 0.43360781 0.40376875 0.33754844
7 0.13593437 0.68430781 0.01513281 0.68430781 0.01513281 0.78039063 0.13593437 0.78039063 0.13593437 0.68430781
7 0.76857188 0.29768594 0.65243281 0.29768594 0.65243281 0.40547031 0.76857188 0.40547031 0.76857188 0.29768594
7 0.99973906 0.34938750 0.87878125 0.34938750 0.87878125 0.45235156 0.99973906 0.45235156 0.99973906 0.34938750
6 0.89757188 0.21875156 0.71624062 0.21875156 0.71624062 0.36764375 0.89757188 0.36764375 0.89757188 0.21875156
6 0.88836562 0.37523750 0.65848906 0.37523750 0.65848906 0.52583594 0.88836562 0.52583594 0.88836562 0.37523750
6 0.67323906 0.33639844 0.44664063 0.33639844 0.44664063 0.52496562 0.67323906 0.52496562 0.67323906 0.33639844
6 0.65130000 0.24094219 0.40212813 0.24094219 0.40212813 0.41101094 0.65130000 0.41101094 0.65130000 0.24094219
6 0.35559844 0.42882969 0.12458437 0.42882969 0.12458437 0.54594688 0.35559844 0.54594688 0.35559844 0.42882969
8 0.37766406 0.47233437 0.31776875 0.47233437 0.31776875 0.52780156 0.37766406 0.52780156 0.37766406 0.47233437
8 0.41675625 0.48746719 0.33390938 0.48746719 0.33390938 0.56207969 0.41675625 0.56207969 0.41675625 0.48746719
6 0.31663437 0.52920000 0.12206406 0.52920000 0.12206406 0.73532188 0.31663437 0.73532188 0.31663437 0.52920000
