10 0.21137656 0.55741562 0.07955625 0.55741562 0.07955625 0.67674531 0.21137656 0.67674531 0.21137656 0.55741562
10 0.37060625 0.47032812 0.20382656 0.47032812 0.20382656 0.60735937 0.37060625 0.60735937 0.37060625 0.47032812
11 0.40823281 0.27287031 0.32414688 0.27287031 0.32414688 0.35094687 0.40823281 0.35094687 0.40823281 0.27287031
11 0.75920781 0.51339062 0.66676094 0.51339062 0.66676094 0.59409844 0.75920781 0.59409844 0.75920781 0.51339062
11 0.86931094 0.61606562 0.78487656 0.61606562 0.78487656 0.68184687 0.86931094 0.68184687 0.86931094 0.61606562
10 0.89915781 0.25976406 0.67593594 0.25976406 0.67593594 0.42077813 0.89915781 0.42077813 0.89915781 0.25976406
10 0.95490469 0.61698594 0.87163125 0.61698594 0.87163125 0.74033750 0.95490469 0.74033750 0.95490469 0.61698594
9 0.95827500 0.41514375 0.86907969 0.41514375 0.86907969 0.64630312 0.95827500 0.64630312 0.95827500 0.41514375
9 0.80136875 0.58622344 0.58720469 0.58622344 0.58720469 0.68290625 0.80136875 0.68290625 0.80136875 0.58622344
10 0.58708906 0.52489531 0.40881250 0.52489531 0.40881250 0.69079844 0.58708906 0.69079844 0.58708906 0.52489531
9 0.68894375 0.37042969 0.44133125 0.37042969 0.44133125 0.54828906 0.68894375 0.54828906 0.68894375 0.37042969
9 0.34842187 0.33674844 0.19802031 0.33674844 0.19802031 0.48679375 0.34842187 0.48679375 0.34842187 0.33674844
10 0.67809688 0.68036875 0.55426719 0.68036875 0.55426719 0.77886563 0.67809688 0.77886563 0.67809688 0.68036875
