9 0.39213594 0.34398906 0.27104219 0.34398906 0.27104219 0.48347500 0.39213594 0.48347500 0.39213594 0.34398906
11 0.40119063 0.23271719 0.32230313 0.23271719 0.32230313 0.29572969 0.40119063 0.29572969 0.40119063 0.23271719
9 0.47670000 0.29487500 0.37295000 0.29487500 0.37295000 0.46261406 0.47670000 0.46261406 0.47670000 0.29487500
10 0.64921094 0.37314687 0.46810625 0.37314687 0.46810625 0.46261250 0.64921094 0.46261250 0.64921094 0.37314687
10 0.49573437 0.65137344 0.32875000 0.65137344 0.32875000 0.76451719 0.49573437 0.76451719 0.49573437 0.65137344
10 0.56326250 0.56394531 0.35883125 0.56394531 0.35883125 0.68317500 0.56326250 0.68317500 0.56326250 0.56394531
11 0.18755000 0.55363438 0.04450781 0.55363438 0.04450781 0.62591250 0.18755000 0.62591250 0.18755000 0.55363438
9 0.38200625 0.55425313 0.18494062 0.55425313 0.18494062 0.70935625 0.38200625 0.70935625 0.38200625 0.55425313
11 0.94926094 0.59000156 0.85042187 0.59000156 0.85042187 0.67864375 0.94926094 0.67864375 0.94926094 0.59000156
11 0.83568750 0.36624375 0.74114531 0.36624375 0.74114531 0.44611094 0.83568750 0.44611094 0.83568750 0.36624375
9 0.74421563 0.41359062 0.47961875 0.41359062 0.47961875 0.57497188 0.74421563 0.57497188 0.74421563 0.41359062
10 0.83016094 0.21875156 0.68220781 0.21875156 0.68220781 0.39617031 0.83016094 0.39617031 0.83016094 0.21875156
10 0.69494688 0.58373750 0.55328750 0.58373750 0.55328750 0.72461250 0.69494688 0.72461250 0.69494688 0.58373750
9 0.85702031 0.53122969 0.66839531 0.53122969 0.66839531 0.64509219 0.85702031 0.64509219 0.85702031 0.53122969
