7 0.40779531 0.47346719 0.29652187 0.47346719 0.29652187 0.60976719 0.40779531 0.60976719 0.40779531 0.47346719
7 0.61169063 0.35205156 0.51210000 0.35205156 0.51210000 0.47541719 0.61169063 0.47541719 0.61169063 0.35205156
6 0.56353437 0.43350938 0.38381875 0.43350938 0.38381875 0.62492344 0.56353437 0.62492344 0.56353437 0.43350938
6 0.60677344 0.49139844 0.50636250 0.49139844 0.50636250 0.72268437 0.60677344 0.72268437 0.60677344 0.49139844
6 0.52480625 0.27531250 0.31967812 0.27531250 0.31967812 0.51141094 0.52480625 0.51141094 0.52480625 0.27531250
8 0.60656719 0.21936406 0.50892187 0.21936406 0.50892187 0.28415625 0.60656719 0.28415625 0.60656719 0.21936406
6 0.79827187 0.21875000 0.59785781 0.21875000 0.59785781 0.36941875 0.79827187 0.36941875 0.79827187 0.21875000
6 0.86886875 0.26547344 0.72173594 0.26547344 0.72173594 0.52020938 0.86886875 0.52020938 0.86886875 0.26547344
7 0.81968750 0.51445312 0.72706250 0.51445312 0.72706250 0.64152656 0.81968750 0.64152656 0.81968750 0.51445312
7 0.90309062 0.59867187 0.79448125 0.59867187 0.79448125 0.72882812 0.90309062 0.72882812 0.90309062 0.59867187
6 0.96825469 0.35485625 0.80841719 0.35485625 0.80841719 0.62297187 0.96825469 0.62297187 0.96825469 0.35485625
8 0.97132969 0.22244063 0.88638906 0.22244063 0.88638906 0.33697188 0.97132969 0.33697188 0.97132969 0.22244063
