10 0.48528281 0.30887656 0.37483125 0.30887656 0.37483125 0.50540469 0.48528281 0.50540469 0.48528281 0.30887656
10 0.34430000 0.36597812 0.23426719 0.36597812 0.23426719 0.47153750 0.34430000 0.47153750 0.34430000 0.36597812
11 0.64227031 0.43259688 0.57498906 0.43259688 0.57498906 0.49658594 0.64227031 0.49658594 0.64227031 0.43259688
9 0.58278281 0.45838906 0.44737813 0.45838906 0.44737813 0.56266719 0.58278281 0.56266719 0.58278281 0.45838906
11 0.85232344 0.32098906 0.76714375 0.32098906 0.76714375 0.39331406 0.85232344 0.39331406 0.85232344 0.32098906
9 0.77135781 0.28729375 0.53592813 0.28729375 0.53592813 0.40720156 0.77135781 0.40720156 0.77135781 0.28729375
9 0.96056406 0.40848125 0.73724375 0.40848125 0.73724375 0.62805000 0.96056406 0.62805000 0.96056406 0.40848125
10 0.73629375 0.52788437 0.56446094 0.52788437 0.56446094 0.66974531 0.73629375 0.66974531 0.73629375 0.52788437
11 0.48854844 0.58895000 0.42242500 0.58895000 0.42242500 0.66399219 0.48854844 0.66399219 0.48854844 0.58895000
9 0.44053438 0.61677656 0.26733125 0.61677656 0.26733125 0.71702656 0.44053438 0.71702656 0.44053438 0.61677656
9 0.23932344 0.36120625 0.08750000 0.36120625 0.08750000 0.50468437 0.23932344 0.50468437 0.23932344 0.36120625
