11 0.41811719 0.32776875 0.49595000 0.32776875 0.49595000 0.21992812 0.41811719 0.21992812 0.41811719 0.32776875
9 0.48083281 0.41553281 0.62663750 0.41553281 0.62663750 0.28640000 0.48083281 0.28640000 0.48083281 0.41553281
10 0.67616875 0.48580781 0.82658281 0.48580781 0.82658281 0.24265156 0.67616875 0.24265156 0.67616875 0.48580781
10 0.60466094 0.57937969 0.70672344 0.57937969 0.70672344 0.45150156 0.60466094 0.45150156 0.60466094 0.57937969
11 0.72754219 0.61879219 0.83380625 0.61879219 0.83380625 0.54981719 0.72754219 0.54981719 0.72754219 0.61879219
9 0.70255781 0.57374219 0.84654062 0.57374219 0.84654062 0.47680000 0.70255781 0.47680000 0.70255781 0.57374219
10 0.75759531 0.61833281 0.63575938 0.61833281 0.63575938 0.78125000 0.75759531 0.78125000 0.75759531 0.61833281
11 0.40657188 0.61904844 0.50369375 0.61904844 0.50369375 0.55187344 0.40657188 0.55187344 0.40657188 0.61904844
9 0.46147344 0.77425312 0.63878594 0.77425312 0.63878594 0.62193438 0.46147344 0.62193438 0.46147344 0.77425312
10 0.34219844 0.72651875 0.42318594 0.72651875 0.42318594 0.62554219 0.34219844 0.62554219 0.34219844 0.72651875
10 0.24228125 0.59030625 0.36657813 0.59030625 0.36657813 0.48581406 0.24228125 0.48581406 0.24228125 0.59030625
9 0.07222344 0.55714375 0.27287031 0.55714375 0.27287031 0.40398125 0.07222344 0.40398125 0.07222344 0.55714375
10 0.18693125 0.78124844 0.30394375 0.78124844 0.30394375 0.58666250 0.18693125 0.58666250 0.18693125 0.78124844
9 0.20301250 0.43974687 0.41366875 0.43974687 0.41366875 0.22455469 0.20301250 0.22455469 0.20301250 0.43974687
11 0.49338594 0.44289688 0.54971875 0.44289688 0.54971875 0.39240938 0.49338594 0.39240938 0.49338594 0.44289688
9 0.36823906 0.61399687 0.49347500 0.61399687 0.49347500 0.43108125 0.36823906 0.43108125 0.36823906 0.61399687
