4 0.49653281 0.70293594 0.58650313 0.70293594 0.58650313 0.54437656 0.49653281 0.54437656 0.49653281 0.70293594
4 0.40017812 0.53876719 0.52260313 0.53876719 0.52260313 0.43326406 0.40017812 0.43326406 0.40017812 0.53876719
4 0.45920625 0.36512500 0.55967969 0.36512500 0.55967969 0.24316094 0.45920625 0.24316094 0.45920625 0.36512500
4 0.88281719 0.53395938 0.88281719 0.63269219 1.00000000 0.63269219 1.00000000 0.53395938 0.88281719 0.53395938
4 0.93837344 0.32302188 0.93837344 0.48588438 1.00000000 0.48588438 1.00000000 0.32302188 0.93837344 0.32302188
4 0.54254062 0.41011406 0.64645937 0.41011406 0.64645937 0.29264062 0.54254062 0.29264062 0.54254062 0.41011406
4 0.61884844 0.69368281 0.52604688 0.69368281 0.52604688 0.78125000 0.61884844 0.78125000 0.61884844 0.69368281
3 0.35526875 0.65005625 0.49183594 0.65005625 0.49183594 0.46460000 0.35526875 0.46460000 0.35526875 0.65005625
3 0.74392656 0.41090313 0.93124531 0.41090313 0.93124531 0.24663281 0.74392656 0.24663281 0.74392656 0.41090313
3 0.31424219 0.42116406 0.46422656 0.42116406 0.46422656 0.29437812 0.31424219 0.29437812 0.31424219 0.42116406
3 0.55990156 0.65715937 0.64330156 0.65715937 0.64330156 0.44715312 0.55990156 0.44715312 0.55990156 0.65715937
3 0.61073438 0.72109062 0.72219219 0.72109062 0.72219219 0.46798750 0.61073438 0.46798750 0.61073438 0.72109062
5 0.58333750 0.45273438 0.68747969 0.45273438 0.68747969 0.31868281 0.58333750 0.31868281 0.58333750 0.45273438
5 0.25868594 0.45983906 0.41610469 0.45983906 0.41610469 0.29264062 0.25868594 0.29264062 0.25868594 0.45983906
5 0.66927656 0.46457344 0.73718125 0.46457344 0.73718125 0.35253594 0.66927656 0.35253594 0.66927656 0.46457344
