4 0.30338594 0.75619687 0.42187500 0.75619687 0.42187500 0.64349062 0.30338594 0.64349062 0.30338594 0.75619687
4 0.21093750 0.68325938 0.30416719 0.68325938 0.30416719 0.57057344 0.21093750 0.57057344 0.21093750 0.68325938
4 0.56901094 0.65616719 0.68020781 0.65616719 0.68020781 0.56276094 0.56901094 0.56276094 0.56901094 0.65616719
4 0.71093750 0.52070781 0.83229219 0.52070781 0.83229219 0.41953125 0.71093750 0.41953125 0.71093750 0.52070781
4 0.80598906 0.52904531 0.93125000 0.52904531 0.93125000 0.41562656 0.80598906 0.41562656 0.80598906 0.52904531
3 0.03906250 0.66345937 0.20312500 0.66345937 0.20312500 0.45338438 0.03906250 0.45338438 0.03906250 0.66345937
3 0.32552031 0.63428438 0.48958281 0.63428438 0.48958281 0.39739687 0.32552031 0.39739687 0.32552031 0.63428438
3 0.56640625 0.46340156 0.70000000 0.46340156 0.70000000 0.24375000 0.56640625 0.24375000 0.56640625 0.46340156
3 0.50130156 0.54988594 0.65625000 0.54988594 0.65625000 0.38697969 0.50130156 0.38697969 0.50130156 0.54988594
3 0.64583281 0.41026094 0.79687500 0.41026094 0.79687500 0.23854219 0.64583281 0.23854219 0.64583281 0.41026094
3 0.70312500 0.77286875 0.86041719 0.77286875 0.86041719 0.60182500 0.70312500 0.60182500 0.70312500 0.77286875
