7 0.37949844 0.50388750 0.27819375 0.50388750 0.27819375 0.61987812 0.37949844 0.61987812 0.37949844 0.50388750
6 0.37793281 0.26876719 0.26939375 0.26876719 0.26939375 0.51708750 0.37793281 0.51708750 0.37793281 0.26876719
7 0.45860469 0.24476094 0.34517500 0.24476094 0.34517500 0.33698906 0.45860469 0.33698906 0.45860469 0.24476094
6 0.51502656 0.33521094 0.37206719 0.33521094 0.37206719 0.56396563 0.51502656 0.56396563 0.51502656 0.33521094
8 0.54925000 0.56744531 0.47131719 0.56744531 0.47131719 0.65964844 0.54925000 0.65964844 0.54925000 0.56744531
7 0.55902812 0.61242500 0.46105000 0.61242500 0.46105000 0.72219375 0.55902812 0.72219375 0.55902812 0.61242500
6 0.60371562 0.70629844 0.47571719 0.70629844 0.47571719 0.78124844 0.60371562 0.78124844 0.60371562 0.70629844
6 0.26753437 0.39445000 0.04106875 0.39445000 0.04106875 0.61814375 0.26753437 0.61814375 0.26753437 0.39445000
7 0.00000000 0.56060000 0.00000000 0.65684219 0.06228750 0.65684219 0.06228750 0.56060000 0.00000000 0.56060000
7 0.22949687 0.28229531 0.13836250 0.28229531 0.13836250 0.38899063 0.22949687 0.38899063 0.22949687 0.28229531
6 0.28934219 0.29188594 0.28934219 0.21875000 0.15645469 0.21875000 0.15645469 0.29188594 0.28934219 0.29188594
