10 0.25999375 0.33940469 0.47240781 0.33940469 0.47240781 0.23515312 0.25999375 0.23515312 0.25999375 0.33940469
10 0.15646094 0.41799531 0.34910156 0.41799531 0.34910156 0.29796875 0.15646094 0.29796875 0.15646094 0.41799531
9 0.13901250 0.57840625 0.27697812 0.57840625 0.27697812 0.43058281 0.13901250 0.43058281 0.13901250 0.57840625
10 0.22451250 0.70551094 0.32560156 0.70551094 0.32560156 0.56552500 0.22451250 0.56552500 0.22451250 0.70551094
11 0.32455625 0.71506875 0.38795469 0.71506875 0.38795469 0.63183125 0.32455625 0.63183125 0.32455625 0.71506875
10 0.62398594 0.72485156 0.75787812 0.72485156 0.75787812 0.64695625 0.62398594 0.64695625 0.62398594 0.72485156
9 0.39086250 0.75368281 0.62351875 0.75368281 0.62351875 0.64171875 0.39086250 0.64171875 0.39086250 0.75368281
10 0.43913906 0.53700156 0.58303750 0.53700156 0.58303750 0.42593125 0.43913906 0.42593125 0.43913906 0.53700156
9 0.58396719 0.57001719 0.82267344 0.57001719 0.82267344 0.42360312 0.58396719 0.42360312 0.58396719 0.57001719
11 0.83197813 0.57466719 0.95505313 0.57466719 0.95505313 0.49921719 0.83197813 0.49921719 0.83197813 0.57466719
9 0.74450000 0.42552813 0.91433906 0.42552813 0.91433906 0.33170625 0.74450000 0.33170625 0.74450000 0.42552813
11 0.47752656 0.35484375 0.55383906 0.35484375 0.55383906 0.27703125 0.47752656 0.27703125 0.47752656 0.35484375
9 0.55430469 0.39344062 0.78137813 0.39344062 0.78137813 0.28866406 0.55430469 0.28866406 0.55430469 0.39344062
