7 0.51844062 0.41787812 0.63410156 0.41787812 0.63410156 0.29602344 0.51844062 0.29602344 0.51844062 0.41787812
6 0.53140156 0.65414531 0.68792031 0.65414531 0.68792031 0.40156250 0.53140156 0.40156250 0.53140156 0.65414531
7 0.89579063 0.64927969 0.99974062 0.64927969 0.99974062 0.51450625 0.89579063 0.51450625 0.89579063 0.64927969
6 0.72149531 0.78124844 0.92393281 0.78124844 0.92393281 0.57844844 0.72149531 0.57844844 0.72149531 0.78124844
8 0.63570625 0.73219375 0.70532500 0.73219375 0.70532500 0.66510313 0.63570625 0.66510313 0.63570625 0.73219375
7 0.54485469 0.77890469 0.65483906 0.77890469 0.65483906 0.68728750 0.54485469 0.68728750 0.54485469 0.77890469
8 0.34797031 0.45603906 0.41166563 0.45603906 0.41166563 0.39291875 0.34797031 0.39291875 0.34797031 0.45603906
6 0.34068750 0.49013750 0.53423906 0.49013750 0.53423906 0.27688906 0.34068750 0.27688906 0.34068750 0.49013750
6 0.39808906 0.69957813 0.58534375 0.69957813 0.58534375 0.49290625 0.39808906 0.49290625 0.39808906 0.69957813
7 0.08764062 0.48930313 0.08764062 0.38674844 0.00000000 0.38674844 0.00000000 0.48930313 0.08764062 0.48930313
7 0.02320625 0.75118594 0.13220000 0.75118594 0.13220000 0.65188594 0.02320625 0.65188594 0.02320625 0.75118594
6 0.08887500 0.45409688 0.32834375 0.45409688 0.32834375 0.28816875 0.08887500 0.28816875 0.08887500 0.45409688
6 0.08284375 0.66634531 0.27008281 0.66634531 0.27008281 0.43573906 0.08284375 0.43573906 0.08284375 0.66634531
