9 0.23291406 0.38717813 0.13345000 0.38717813 0.13345000 0.49046250 0.23291406 0.49046250 0.23291406 0.38717813
9 0.38211094 0.50321875 0.21136250 0.50321875 0.21136250 0.71184844 0.38211094 0.71184844 0.38211094 0.50321875
11 0.35392969 0.78125000 0.39951875 0.78125000 0.39951875 0.70546406 0.35392969 0.70546406 0.35392969 0.78125000
9 0.59164844 0.44835313 0.32657500 0.44835313 0.32657500 0.57678750 0.59164844 0.57678750 0.59164844 0.44835313
10 0.45637812 0.32319063 0.34315313 0.32319063 0.34315313 0.44557031 0.45637812 0.44557031 0.45637812 0.32319063
10 0.34812813 0.36645312 0.34812813 0.21875000 0.20274219 0.21875000 0.20274219 0.36645312 0.34812813 0.36645312
9 0.50975781 0.42397812 0.56346875 0.44982344 0.59529688 0.44982344 0.59397031 0.41801250 0.56346875 0.39282969 0.51638750 0.35638125 0.48257031 0.33186094 0.44344687 0.32059531 0.41692344 0.32258281 0.39835625 0.32589688 0.37647500 0.33119844 0.37050625 0.35571875 0.42488125 0.37758750 0.50975781 0.42397812
9 0.79488906 0.50814063 0.83732812 0.53266094 0.84793750 0.51012969 0.85059063 0.48163281 0.83401250 0.45910156 0.80218438 0.44054531 0.76637656 0.40873594 0.75046250 0.39879375 0.74184219 0.39878125 0.72460156 0.43524375 0.74979844 0.46771563 0.79488906 0.50814063
9 0.73786406 0.34776562 0.75974531 0.37957656 0.79091094 0.41735000 0.81610937 0.44385938 0.85059063 0.47235469 0.87910312 0.47964531 0.88772344 0.45645000 0.89037656 0.40210781 0.87446094 0.36963594 0.82406563 0.31860781 0.76703906 0.27818125 0.73985313 0.26956719 0.70404531 0.28480937 0.70537187 0.30336562 0.71929688 0.31794375 0.73786406 0.34776562
9 0.67155312 0.64046719 0.70537187 0.64974531 0.72261250 0.63119063 0.71332812 0.60136719 0.71929688 0.57552187 0.71863281 0.54570000 0.69741406 0.53244687 0.67155312 0.52051719 0.65232344 0.50130000 0.63176719 0.49400937 0.60756406 0.49327344 0.61386406 0.54238750 0.63574531 0.58811406 0.67155312 0.64046719
10 0.96315000 0.60682813 0.84379219 0.60682813 0.84379219 0.71072969 0.96315000 0.71072969 0.96315000 0.60682813
9 0.87860469 0.62920781 0.60706562 0.62920781 0.60706562 0.76308281 0.87860469 0.76308281 0.87860469 0.62920781
11 0.63160156 0.67313906 0.50362187 0.67313906 0.50362187 0.76308438 0.63160156 0.76308438 0.63160156 0.67313906
10 0.25380156 0.48415469 0.11106875 0.48415469 0.11106875 0.56864219 0.25380156 0.56864219 0.25380156 0.48415469
