10 0.19702969 0.37754844 0.27517344 0.37754844 0.27517344 0.25881094 0.19702969 0.25881094 0.19702969 0.37754844
9 0.12662344 0.51333281 0.11332813 0.54623594 0.09750000 0.57534219 0.13422031 0.58609844 0.14815000 0.57850469 0.18613594 0.55193125 0.20196406 0.52915156 0.21715937 0.50194375 0.23045469 0.47410312 0.24438281 0.44246562 0.25387969 0.39627500 0.25324687 0.37223125 0.22159063 0.36906719 0.18423750 0.35767812 0.17727187 0.37159844 0.16587656 0.39880625 0.15701250 0.42727969 0.14118438 0.47030625 0.12662344 0.51333281
11 0.07329844 0.66479531 0.14306719 0.66479531 0.14306719 0.58606875 0.07329844 0.58606875 0.07329844 0.66479531
10 0.00180469 0.76870313 0.10344531 0.76870313 0.10344531 0.52991719 0.00180469 0.52991719 0.00180469 0.76870313
10 0.43439375 0.59854219 0.52886563 0.59854219 0.52886563 0.51777500 0.43439375 0.51777500 0.43439375 0.59854219
10 0.37839531 0.58203437 0.45623438 0.58203437 0.45623438 0.47259687 0.37839531 0.47259687 0.37839531 0.58203437
10 0.39122031 0.43963750 0.49965937 0.43963750 0.49965937 0.26141406 0.39122031 0.26141406 0.39122031 0.43963750
9 0.28951250 0.46838750 0.41306094 0.46838750 0.41306094 0.22847188 0.28951250 0.22847188 0.28951250 0.46838750
9 0.18652969 0.58176406 0.38855312 0.58176406 0.38855312 0.47410625 0.18652969 0.47410625 0.18652969 0.58176406
11 0.58943281 0.55220625 0.65673281 0.55220625 0.65673281 0.50076875 0.58943281 0.50076875 0.58943281 0.55220625
11 0.64428906 0.53061094 0.72885625 0.53061094 0.72885625 0.47403438 0.64428906 0.47403438 0.64428906 0.53061094
9 0.56352969 0.64154687 0.58841719 0.60042969 0.60314687 0.57860312 0.60721094 0.56438906 0.59705156 0.54611562 0.58079844 0.54002344 0.56860938 0.55017656 0.55387969 0.56286719 0.53965781 0.57555625 0.52086562 0.59281562 0.49496094 0.61007500 0.46550313 0.62784062 0.44315469 0.65119063 0.42791719 0.67048125 0.42537813 0.68488750 0.44061563 0.70093750 0.48074062 0.70804375 0.51832500 0.68317031 0.54321406 0.65931250 0.56352969 0.64154687
10 0.80275625 0.65212187 0.91652969 0.65212187 0.91652969 0.55209063 0.80275625 0.55209063 0.80275625 0.65212187
11 0.60187656 0.28446250 0.65952500 0.28446250 0.65952500 0.21887656 0.60187656 0.21887656 0.60187656 0.28446250
11 0.72758750 0.32507344 0.78396406 0.32507344 0.78396406 0.24935313 0.72758750 0.24935313 0.72758750 0.32507344
9 0.62663750 0.48090937 0.73367969 0.48090937 0.73367969 0.28173125 0.62663750 0.28173125 0.62663750 0.48090937
9 0.72949063 0.57126406 0.84796250 0.57126406 0.84796250 0.31982500 0.72949063 0.31982500 0.72949063 0.57126406
9 0.38969687 0.49819844 0.65228750 0.49819844 0.65228750 0.43321406 0.38969687 0.43321406 0.38969687 0.49819844
