10 0.39332187 0.29250625 0.16083438 0.29250625 0.16083438 0.51094063 0.39332187 0.51094063 0.39332187 0.29250625
10 0.52723125 0.22309688 0.37733594 0.22309688 0.37733594 0.42963594 0.52723125 0.42963594 0.52723125 0.22309688
10 0.90442969 0.29460938 0.73448125 0.29460938 0.73448125 0.44196875 0.90442969 0.44196875 0.90442969 0.29460938
10 0.52751406 0.46497813 0.41085000 0.46497813 0.41085000 0.59662031 0.52751406 0.59662031 0.52751406 0.46497813
10 0.27301094 0.57996094 0.13250937 0.57996094 0.13250937 0.71938281 0.27301094 0.71938281 0.27301094 0.57996094
11 0.38434844 0.78125000 0.49989063 0.78125000 0.49989063 0.71527656 0.38434844 0.71527656 0.38434844 0.78125000
11 0.80837812 0.58977500 0.69157344 0.58977500 0.69157344 0.68605781 0.80837812 0.68605781 0.80837812 0.58977500
11 0.66605313 0.22730156 0.56551406 0.22730156 0.56551406 0.30740156 0.66605313 0.30740156 0.66605313 0.22730156
9 0.76070313 0.30021875 0.61935937 0.30021875 0.61935937 0.47444844 0.76070313 0.47444844 0.76070313 0.30021875
9 0.49203750 0.45420625 0.51559531 0.46205313 0.53298281 0.48391563 0.54700469 0.51306406 0.57056094 0.53380469 0.59916719 0.56183281 0.63618594 0.58313281 0.66479062 0.60051094 0.69059063 0.61620625 0.70741875 0.61732656 0.72536719 0.59210156 0.72536719 0.56295313 0.71022344 0.53772813 0.69283438 0.52091094 0.66591250 0.49792969 0.64515937 0.48055156 0.62272344 0.46429531 0.60645781 0.44747969 0.59411875 0.42337500 0.57392656 0.40319531 0.55597812 0.39983125 0.53802969 0.40992188 0.53859062 0.41048281 0.52008125 0.41889062 0.49315938 0.43290469 0.49203750 0.45420625
10 0.62538750 0.58557031 0.53130000 0.58557031 0.53130000 0.66913281 0.62538750 0.66913281 0.62538750 0.58557031
9 0.39610781 0.61682656 0.25258437 0.61682656 0.25258437 0.75892344 0.39610781 0.75892344 0.39610781 0.61682656
9 0.47085312 0.63274688 0.47799687 0.65266406 0.48363750 0.67032500 0.49416563 0.69550312 0.50055781 0.71466875 0.51221406 0.73045156 0.52349375 0.75149531 0.53815781 0.76615000 0.55169531 0.76727813 0.58403125 0.76164062 0.58553438 0.74736094 0.57839063 0.71917813 0.56447969 0.68685937 0.55846250 0.66356094 0.55432656 0.64289375 0.54154219 0.62297656 0.53139063 0.60418750 0.52387031 0.58802969 0.51973437 0.57262188 0.51371719 0.57036719 0.47423750 0.58314375 0.44829219 0.58802969 0.45318125 0.60381250 0.46220469 0.61846719 0.47085312 0.63274688
