7 0.11950781 0.64998125 0.01817969 0.64998125 0.01817969 0.72116406 0.11950781 0.72116406 0.11950781 0.64998125
8 0.14561562 0.53363281 0.06333125 0.53363281 0.06333125 0.64537812 0.14561562 0.64537812 0.14561562 0.53363281
6 0.11710781 0.26021563 0.01538594 0.26021563 0.01538594 0.53988281 0.11710781 0.53988281 0.11710781 0.26021563
6 0.35067656 0.26669531 0.14982813 0.26669531 0.14982813 0.47642500 0.35067656 0.47642500 0.35067656 0.26669531
7 0.42210937 0.43191094 0.32881250 0.43191094 0.32881250 0.52498906 0.42210937 0.52498906 0.42210937 0.43191094
7 0.51670313 0.44486875 0.40785469 0.44486875 0.40785469 0.54635625 0.51670313 0.54635625 0.51670313 0.44486875
6 0.64223437 0.24784531 0.45839062 0.24784531 0.45839062 0.47367656 0.64223437 0.47367656 0.64223437 0.24784531
6 0.39845938 0.53071563 0.14658750 0.53071563 0.14658750 0.71688281 0.39845938 0.71688281 0.39845938 0.53071563
7 0.53451875 0.57282969 0.43733437 0.57282969 0.43733437 0.70896250 0.53451875 0.70896250 0.53451875 0.57282969
6 0.39845938 0.78125000 0.53127969 0.78125000 0.53127969 0.69593281 0.39845938 0.69593281 0.39845938 0.78125000
6 0.89475313 0.21875156 0.65438125 0.21875156 0.65438125 0.30835781 0.89475313 0.30835781 0.89475313 0.21875156
7 1.00000000 0.34785469 1.00000000 0.25924844 0.90139531 0.25924844 0.90139531 0.34785469 1.00000000 0.34785469
6 0.93233281 0.27997656 0.67965156 0.27997656 0.67965156 0.42620625 0.93233281 0.42620625 0.93233281 0.27997656
8 0.92731094 0.39222656 0.85134531 0.39222656 0.85134531 0.46384063 0.92731094 0.46384063 0.92731094 0.39222656
6 1.00000000 0.58254844 1.00000000 0.36671250 0.87402031 0.36671250 0.87402031 0.58254844 1.00000000 0.58254844
7 0.95079844 0.58173750 0.85717500 0.58173750 0.85717500 0.70212812 0.95079844 0.70212812 0.95079844 0.58173750
7 0.69066719 0.78125000 0.78720313 0.78125000 0.78720313 0.68621406 0.69066719 0.68621406 0.69066719 0.78125000
6 0.88568437 0.45286094 0.71431563 0.45286094 0.71431563 0.68297188 0.88568437 0.68297188 0.88568437 0.45286094
