10 0.06034844 0.50350781 0.16634844 0.50350781 0.16634844 0.38602812 0.06034844 0.38602812 0.06034844 0.50350781
9 0.10058125 0.69403906 0.30685469 0.69403906 0.30685469 0.48970625 0.10058125 0.48970625 0.10058125 0.69403906
11 0.26229062 0.63279844 0.31877188 0.63279844 0.31877188 0.53612813 0.26229062 0.53612813 0.26229062 0.63279844
9 0.30020156 0.74468594 0.41857969 0.74468594 0.41857969 0.62897500 0.30020156 0.62897500 0.30020156 0.74468594
11 0.29169062 0.75334687 0.34677812 0.75334687 0.34677812 0.68390938 0.29169062 0.68390938 0.29169062 0.75334687
10 0.53432969 0.74271094 0.68164531 0.74271094 0.68164531 0.60823125 0.53432969 0.60823125 0.53432969 0.74271094
10 0.62965156 0.64754375 0.78377656 0.64754375 0.78377656 0.49811875 0.62965156 0.49811875 0.62965156 0.64754375
10 0.44179375 0.48525156 0.52380625 0.48525156 0.52380625 0.34347187 0.44179375 0.34347187 0.44179375 0.48525156
9 0.44272031 0.64980313 0.54098281 0.64980313 0.54098281 0.47732656 0.44272031 0.47732656 0.44272031 0.64980313
9 0.42105625 0.73627500 0.43962656 0.75730781 0.47181250 0.74864844 0.50461719 0.72390312 0.53370938 0.70534531 0.56032500 0.69049844 0.58198906 0.67627031 0.60179688 0.65462031 0.61789063 0.64162812 0.60984375 0.61750313 0.58570312 0.60946094 0.57084844 0.60946094 0.55599219 0.60760469 0.51823594 0.62925625 0.49533281 0.65090781 0.45571875 0.68431250 0.42910312 0.71276875 0.42105625 0.73627500
9 0.29169062 0.49492969 0.41239219 0.49492969 0.41239219 0.26549219 0.29169062 0.26549219 0.29169062 0.49492969
11 0.38299063 0.55779375 0.43715000 0.55779375 0.43715000 0.48936250 0.38299063 0.48936250 0.38299063 0.55779375
11 0.36132344 0.33731094 0.42476875 0.33731094 0.42476875 0.28853750 0.36132344 0.28853750 0.36132344 0.33731094
10 0.64682500 0.42391875 0.74911250 0.42391875 0.74911250 0.29163438 0.64682500 0.29163438 0.64682500 0.42391875
9 0.41703437 0.35339531 0.67174219 0.35339531 0.67174219 0.25078125 0.41703437 0.25078125 0.41703437 0.35339531
11 0.65812344 0.25936875 0.73178281 0.25936875 0.73178281 0.21875156 0.65812344 0.21875156 0.65812344 0.25936875
9 0.74586250 0.46226875 0.94331562 0.46226875 0.94331562 0.26300625 0.74586250 0.26300625 0.74586250 0.46226875
10 0.81859219 0.56734687 0.91205781 0.56734687 0.91205781 0.47577656 0.81859219 0.47577656 0.81859219 0.56734687
9 0.86811094 0.69725625 0.99561875 0.69725625 0.99561875 0.55547188 0.86811094 0.55547188 0.86811094 0.69725625
