10 0.64125781 0.53322187 0.51044062 0.53322187 0.51044062 0.61255313 0.64125781 0.61255313 0.64125781 0.53322187
9 0.51105000 0.52146719 0.27985469 0.52146719 0.27985469 0.64172500 0.51105000 0.64172500 0.51105000 0.52146719
9 0.26102656 0.47603906 0.08411406 0.47603906 0.08411406 0.55386719 0.26102656 0.55386719 0.26102656 0.47603906
9 0.34110781 0.39877344 0.09756406 0.39877344 0.09756406 0.50924219 0.34110781 0.50924219 0.34110781 0.39877344
9 0.32350156 0.32022969 0.10025313 0.32022969 0.10025313 0.43494063 0.32350156 0.43494063 0.32350156 0.32022969
9 0.52620937 0.29215313 0.34783281 0.29215313 0.34783281 0.41326875 0.52620937 0.41326875 0.52620937 0.29215313
10 0.68588125 0.29166406 0.51911875 0.29166406 0.51911875 0.40898750 0.68588125 0.40898750 0.68588125 0.29166406
9 0.78222344 0.21875156 0.57560469 0.21875156 0.57560469 0.35324844 0.78222344 0.35324844 0.78222344 0.21875156
9 0.89347969 0.38026406 0.64235781 0.38026406 0.64235781 0.50627188 0.89347969 0.50627188 0.89347969 0.38026406
10 0.98004219 0.41888438 0.88296719 0.41888438 0.88296719 0.49356406 0.98004219 0.49356406 0.98004219 0.41888438
10 0.73234219 0.68224219 0.59687656 0.68224219 0.59687656 0.78124688 0.73234219 0.78124688 0.73234219 0.68224219
9 0.74151094 0.54957344 0.62670781 0.54957344 0.62670781 0.71598438 0.74151094 0.71598438 0.74151094 0.54957344
