9 0.27227187 0.27514844 0.14582187 0.27514844 0.14582187 0.39618437 0.27227187 0.39618437 0.27227187 0.27514844
9 0.39916875 0.40977656 0.23487188 0.40977656 0.23487188 0.51858906 0.39916875 0.51858906 0.39916875 0.40977656
10 0.24856094 0.44872344 0.14971562 0.44872344 0.14971562 0.52605937 0.24856094 0.52605937 0.24856094 0.44872344
9 0.19958437 0.51328438 0.10519063 0.51328438 0.10519063 0.67894531 0.19958437 0.67894531 0.19958437 0.51328438
10 0.48944219 0.54667813 0.31445781 0.54667813 0.31445781 0.68999844 0.48944219 0.68999844 0.48944219 0.54667813
10 0.63281562 0.47710625 0.52873750 0.47710625 0.52873750 0.59560625 0.63281562 0.59560625 0.63281562 0.47710625
9 0.55088750 0.40475469 0.40016875 0.40475469 0.40016875 0.54977188 0.55088750 0.54977188 0.55088750 0.40475469
11 0.49612344 0.30966250 0.40685000 0.30966250 0.40685000 0.38583281 0.49612344 0.38583281 0.49612344 0.30966250
10 0.72565000 0.25782031 0.57949688 0.25782031 0.57949688 0.40550781 0.72565000 0.40550781 0.72565000 0.25782031
9 0.92668281 0.39417812 0.78464531 0.39417812 0.78464531 0.50799375 0.92668281 0.50799375 0.92668281 0.39417812
11 0.77919063 0.45818281 0.69025156 0.45818281 0.69025156 0.52935312 0.77919063 0.52935312 0.77919063 0.45818281
