7 0.38533906 0.42111250 0.23698437 0.42111250 0.23698437 0.49808125 0.38533906 0.49808125 0.38533906 0.42111250
6 0.48868125 0.38639062 0.38976094 0.38639062 0.38976094 0.48703594 0.48868125 0.48703594 0.48868125 0.38639062
8 0.64409219 0.37510625 0.49479844 0.37510625 0.49479844 0.46495000 0.64409219 0.46495000 0.64409219 0.37510625
7 1.00000000 0.33321406 1.00000000 0.23361250 0.88629062 0.23361250 0.88629062 0.33321406 1.00000000 0.33321406
6 0.87917969 0.26139219 0.72830469 0.26139219 0.72830469 0.40105625 0.87917969 0.40105625 0.87917969 0.26139219
7 0.79003594 0.42979375 0.72741719 0.42979375 0.72741719 0.51859063 0.79003594 0.51859063 0.79003594 0.42979375
6 0.72297969 0.42284844 0.62500469 0.42284844 0.62500469 0.52726719 0.72297969 0.52726719 0.72297969 0.42284844
7 0.11790781 0.32736250 0.01389375 0.32736250 0.01389375 0.43181875 0.11790781 0.43181875 0.11790781 0.32736250
7 0.23071719 0.35774531 0.13976250 0.35774531 0.13976250 0.43812969 0.23071719 0.43812969 0.23071719 0.35774531
6 0.27805156 0.26369219 0.11632500 0.26369219 0.11632500 0.37423438 0.27805156 0.37423438 0.27805156 0.26369219
6 0.43661406 0.30969219 0.24653125 0.30969219 0.24653125 0.41919844 0.43661406 0.41919844 0.43661406 0.30969219
6 0.55968125 0.22406406 0.40538594 0.22406406 0.40538594 0.29771719 0.55968125 0.29771719 0.55968125 0.22406406
