7 0.04757187 0.45282187 0.00000156 0.45282187 0.00000156 0.58778750 0.04757187 0.58778750 0.04757187 0.45282187
6 0.18698438 0.27825156 0.02475469 0.27825156 0.02475469 0.52297187 0.18698438 0.52297187 0.18698438 0.27825156
6 0.19465625 0.42951875 0.08718281 0.42951875 0.08718281 0.70234531 0.19465625 0.70234531 0.19465625 0.42951875
7 0.06892969 0.78125000 0.15582031 0.78125000 0.15582031 0.69116563 0.06892969 0.69116563 0.06892969 0.78125000
7 0.30824531 0.50621563 0.19844219 0.50621563 0.19844219 0.62069531 0.30824531 0.62069531 0.30824531 0.50621563
7 0.31358281 0.22321563 0.21882813 0.22321563 0.21882813 0.34746719 0.31358281 0.34746719 0.31358281 0.22321563
6 0.30872969 0.33340625 0.18815156 0.33340625 0.18815156 0.50180156 0.30872969 0.50180156 0.30872969 0.33340625
8 0.57270156 0.47223750 0.51289688 0.47223750 0.51289688 0.55422031 0.57270156 0.55422031 0.57270156 0.47223750
8 0.73104687 0.43874375 0.66192187 0.43874375 0.66192187 0.51022969 0.73104687 0.51022969 0.73104687 0.43874375
8 0.76696875 0.44796562 0.70658281 0.44796562 0.70658281 0.51954375 0.76696875 0.51954375 0.76696875 0.44796562
7 0.65969062 0.40476406 0.58687812 0.40476406 0.58687812 0.52624063 0.65969062 0.52624063 0.65969062 0.40476406
7 0.74366875 0.36787187 0.65483594 0.36787187 0.65483594 0.46336719 0.74366875 0.46336719 0.74366875 0.36787187
8 0.64629219 0.32078594 0.55056563 0.32078594 0.55056563 0.39360937 0.64629219 0.39360937 0.64629219 0.32078594
6 0.31368125 0.58488750 0.34785469 0.57169219 0.37814531 0.55073437 0.40299844 0.53210469 0.44455000 0.50649062 0.47678281 0.48514375 0.50513125 0.45525937 0.52687812 0.43391406 0.54474219 0.41023906 0.53619844 0.38501094 0.52105313 0.37065156 0.48765625 0.36638281 0.45115312 0.37725000 0.41503750 0.39199687 0.37969844 0.40558125 0.34824219 0.42227031 0.32105938 0.44012344 0.29154531 0.47194844 0.28300156 0.48087500 0.27484687 0.49329375 0.29232188 0.53249375 0.29581719 0.56819844 0.31368125 0.58488750
6 0.44998750 0.31457188 0.45620156 0.34911250 0.46396719 0.36696563 0.47328750 0.37589219 0.51445156 0.36657813 0.54784844 0.35687500 0.56260625 0.34950156 0.56144063 0.30292812 0.56066406 0.25790781 0.55212031 0.23112812 0.54085937 0.22297812 0.51950000 0.21875000 0.49387031 0.21875000 0.47445312 0.21987344 0.45192969 0.21909688 0.43930781 0.22273125 0.44105625 0.24975625 0.44493906 0.27847656 0.44998750 0.31457188
6 0.55969375 0.30322344 0.55891719 0.33349531 0.56241094 0.34940781 0.59037187 0.33970625 0.61211875 0.32340469 0.62182813 0.32418125 0.62415781 0.34707969 0.63425469 0.35522969 0.64590469 0.36570938 0.63619531 0.38356250 0.59658594 0.38550313 0.57833281 0.38977187 0.57677969 0.40762500 0.58726563 0.41655156 0.62066250 0.40956563 0.65056406 0.40607188 0.66027344 0.39365312 0.65833125 0.35406562 0.65988438 0.33310781 0.65988438 0.31525469 0.65405937 0.28692344 0.65677812 0.26480000 0.65755469 0.24112656 0.65095313 0.22715469 0.62648750 0.21875000 0.60823594 0.21875000 0.59347813 0.21875000 0.57367344 0.21875000 0.56940156 0.21933281 0.56047031 0.24229063 0.56047031 0.26712969 0.55969375 0.30322344
6 0.74735781 0.35077344 0.75162969 0.32477031 0.75473594 0.29410938 0.75939687 0.26965781 0.75978437 0.24287813 0.76017344 0.22502656 0.75124062 0.21959219 0.72561094 0.21875000 0.70697031 0.21875000 0.68289375 0.21875000 0.66774844 0.21920469 0.65998125 0.22735469 0.65532188 0.24908906 0.65648594 0.27936094 0.65570938 0.29954219 0.65415625 0.32632187 0.65804063 0.34805625 0.66114688 0.36641563 0.69299062 0.36668594 0.72871719 0.36086406 0.74735781 0.35077344
6 0.82687031 0.41830469 0.85793750 0.40316719 0.88550938 0.39152500 0.92007187 0.37173125 0.93715781 0.36008750 0.95968281 0.33912969 0.97405000 0.33020313 0.98880781 0.30885781 0.97754531 0.29216875 0.96667187 0.25879062 0.94492500 0.23434063 0.93677031 0.23240000 0.91968281 0.24598281 0.90026562 0.26073125 0.87230625 0.27858437 0.85250156 0.29139219 0.82881250 0.31002188 0.81172500 0.32632187 0.79386250 0.34339844 0.77560937 0.36241563 0.76007656 0.37949375 0.75192031 0.38919531 0.74648437 0.40472031 0.75619219 0.43460469 0.78570625 0.43809687 0.82687031 0.41830469
6 0.78958906 0.23413438 0.77405625 0.25897344 0.76085313 0.29041094 0.75230938 0.32417500 0.74269844 0.36059062 0.75347500 0.37424219 0.76590156 0.36803281 0.78842500 0.34746250 0.80745312 0.32766875 0.82648125 0.30748750 0.86065625 0.28575312 0.88162656 0.27178125 0.90803281 0.25160000 0.92356719 0.23413438 0.93405156 0.21938594 0.92045938 0.21875000 0.89405312 0.21875000 0.86259844 0.21875000 0.82997656 0.21875000 0.80512344 0.22171562 0.79619219 0.22598437 0.78958906 0.23413438
