4 0.74045625 0.38564688 0.85235625 0.38564688 0.85235625 0.27527969 0.74045625 0.27527969 0.74045625 0.38564688
4 0.45239375 0.67371719 0.33767969 0.67371719 0.33767969 0.78125000 0.45239375 0.78125000 0.45239375 0.67371719
4 0.70881875 0.67689062 0.81212344 0.67689062 0.81212344 0.55045312 0.70881875 0.55045312 0.70881875 0.67689062
4 0.83854531 0.78124844 0.94150156 0.78124844 0.94150156 0.65375156 0.83854531 0.65375156 0.83854531 0.78124844
4 0.59549219 0.56954844 0.69300312 0.56954844 0.69300312 0.45930625 0.59549219 0.45930625 0.59549219 0.56954844
4 0.27517812 0.51824687 0.40900313 0.51824687 0.40900313 0.43152969 0.27517812 0.43152969 0.27517812 0.51824687
4 0.28472812 0.43458125 0.37902812 0.43458125 0.37902812 0.35514219 0.28472812 0.35514219 0.28472812 0.43458125
3 0.09375469 0.37538437 0.29382812 0.37538437 0.29382812 0.22145938 0.09375469 0.22145938 0.09375469 0.37538437
3 0.37847812 0.39511875 0.64803750 0.39511875 0.64803750 0.21875156 0.37847812 0.21875156 0.37847812 0.39511875
3 0.41319844 0.51587812 0.58729219 0.51587812 0.58729219 0.40027812 0.41319844 0.40027812 0.41319844 0.51587812
3 0.51823438 0.78124844 0.63462500 0.78124844 0.63462500 0.56520938 0.51823438 0.56520938 0.51823438 0.78124844
3 0.83247031 0.57112812 0.96595625 0.57112812 0.96595625 0.35253750 0.83247031 0.35253750 0.83247031 0.57112812
3 0.89844219 0.41764063 0.89844219 0.65163594 1.00000000 0.65163594 1.00000000 0.41764063 0.89844219 0.41764063
3 0.42361562 0.66820781 0.56993594 0.66820781 0.56993594 0.50878594 0.42361562 0.50878594 0.42361562 0.66820781
5 0.58767656 0.45036875 0.74822344 0.45036875 0.74822344 0.33114688 0.58767656 0.33114688 0.58767656 0.45036875
5 0.91667187 0.58604219 0.91667187 0.77555000 1.00000000 0.77555000 1.00000000 0.58604219 0.91667187 0.58604219
