4 0.86340156 0.34298750 0.76996875 0.34298750 0.76996875 0.47167813 0.86340156 0.47167813 0.86340156 0.34298750
4 0.39670625 0.31776875 0.29855938 0.31776875 0.29855938 0.41330000 0.39670625 0.41330000 0.39670625 0.31776875
4 0.09345000 0.52962031 0.00087188 0.52962031 0.00087188 0.62716719 0.09345000 0.62716719 0.09345000 0.52962031
4 0.85156719 0.67197969 0.77257344 0.67197969 0.77257344 0.78124844 0.85156719 0.78124844 0.85156719 0.67197969
4 0.92809062 0.67197969 0.85590938 0.67197969 0.85590938 0.78124844 0.92809062 0.78124844 0.92809062 0.67197969
3 0.30329219 0.56000312 0.10156562 0.56000312 0.10156562 0.72977344 0.30329219 0.72977344 0.30329219 0.56000312
3 0.39322812 0.41764219 0.25222500 0.41764219 0.25222500 0.63979531 0.39322812 0.63979531 0.39322812 0.41764219
3 0.83342500 0.48448125 0.67575781 0.48448125 0.67575781 0.65084687 0.83342500 0.65084687 0.83342500 0.48448125
3 0.96122344 0.45409844 0.85821406 0.45409844 0.85821406 0.66505156 0.96122344 0.66505156 0.96122344 0.45409844
3 0.88627812 0.42371875 0.79807500 0.42371875 0.79807500 0.65163594 0.88627812 0.65163594 0.88627812 0.42371875
3 0.37587031 0.24402812 0.20399844 0.24402812 0.20399844 0.41563750 0.37587031 0.41563750 0.37587031 0.24402812
4 0.23466250 0.41503438 0.12587344 0.41503438 0.12587344 0.49377656 0.23466250 0.49377656 0.23466250 0.41503438
5 1.00000000 0.78124844 1.00000000 0.58604219 0.92448437 0.58604219 0.92448437 0.78124844 1.00000000 0.78124844
5 0.64330156 0.56520938 0.44792188 0.56520938 0.44792188 0.78124844 0.64330156 0.78124844 0.64330156 0.56520938
5 0.93676875 0.30162656 0.85693438 0.30162656 0.85693438 0.38485781 0.93676875 0.38485781 0.93676875 0.30162656
5 1.00000000 0.45273594 1.00000000 0.32924844 0.93442500 0.32924844 0.93442500 0.45273594 1.00000000 0.45273594
