7 0.46326563 0.25731406 0.34921406 0.25731406 0.34921406 0.34587812 0.46326563 0.34587812 0.46326563 0.25731406
7 0.37853906 0.51080156 0.27155000 0.51080156 0.27155000 0.62106719 0.37853906 0.62106719 0.37853906 0.51080156
6 0.26625469 0.38990625 0.02579688 0.38990625 0.02579688 0.61445781 0.26625469 0.61445781 0.26625469 0.38990625
7 0.22606562 0.28677344 0.13916875 0.28677344 0.13916875 0.39142500 0.22606562 0.39142500 0.22606562 0.28677344
6 0.28580469 0.21875156 0.14731563 0.21875156 0.14731563 0.30319062 0.28580469 0.30319062 0.28580469 0.21875156
6 0.70236406 0.26708594 0.45824063 0.26708594 0.45824063 0.42523750 0.70236406 0.42523750 0.70236406 0.26708594
8 0.81016719 0.37774219 0.70222812 0.37774219 0.70222812 0.46148750 0.81016719 0.46148750 0.81016719 0.37774219
6 0.37555156 0.24943438 0.26693281 0.24943438 0.26693281 0.50719063 0.37555156 0.50719063 0.37555156 0.24943438
7 0.94608125 0.36769062 0.84180469 0.36769062 0.84180469 0.49166875 0.94608125 0.49166875 0.94608125 0.36769062
6 0.94770937 0.47550000 0.83189531 0.47550000 0.83189531 0.73269219 0.94770937 0.73269219 0.94770937 0.47550000
