4 0.43576875 0.30987500 0.31512812 0.30987500 0.31512812 0.41243281 0.43576875 0.41243281 0.43576875 0.30987500
4 0.89180156 0.36035000 0.79948438 0.36035000 0.79948438 0.46220781 0.89180156 0.46220781 0.89180156 0.36035000
4 0.06978594 0.53309375 0.00000625 0.53309375 0.00000625 0.63427031 0.06978594 0.63427031 0.06978594 0.53309375
4 0.78372344 0.65027969 0.70746875 0.65027969 0.70746875 0.76687031 0.78372344 0.76687031 0.78372344 0.65027969
4 0.87279219 0.66347344 0.78687969 0.66347344 0.78687969 0.76060469 0.87279219 0.76060469 0.87279219 0.66347344
3 0.39638281 0.40809062 0.26997188 0.40809062 0.26997188 0.63979375 0.39638281 0.63979375 0.39638281 0.40809062
3 0.39322812 0.23101094 0.17448594 0.23101094 0.17448594 0.39985469 0.39322812 0.39985469 0.39322812 0.23101094
3 0.81764687 0.42718906 0.64410312 0.42718906 0.64410312 0.62716563 0.81764687 0.62716563 0.81764687 0.42718906
3 0.30960469 0.50444844 0.09809375 0.50444844 0.09809375 0.61375000 0.30960469 0.61375000 0.30960469 0.50444844
5 0.42557187 0.42024531 0.26736562 0.42024531 0.26736562 0.53718750 0.42557187 0.53718750 0.42557187 0.42024531
5 0.48871875 0.78125000 0.64645781 0.78125000 0.64645781 0.56607812 0.48871875 0.56607812 0.48871875 0.78125000
5 0.60677500 0.78125000 0.74191250 0.78125000 0.74191250 0.57736250 0.60677500 0.57736250 0.60677500 0.78125000
5 0.91580313 0.78125000 0.99999844 0.78125000 0.99999844 0.58430781 0.91580313 0.58430781 0.91580313 0.78125000
5 1.00000000 0.53324219 1.00000000 0.34038281 0.90712344 0.34038281 0.90712344 0.53324219 1.00000000 0.53324219
5 0.17274844 0.78125000 0.37350625 0.78125000 0.37350625 0.60340469 0.17274844 0.60340469 0.17274844 0.78125000
