4 0.14315000 0.44889063 0.00955312 0.44889063 0.00955312 0.55850000 0.14315000 0.55850000 0.14315000 0.44889063
4 0.27568437 0.49316094 0.14670625 0.49316094 0.14670625 0.60112031 0.27568437 0.60112031 0.27568437 0.49316094
4 0.41215937 0.54958438 0.30816406 0.54958438 0.30816406 0.64452969 0.41215937 0.64452969 0.41215937 0.54958438
4 0.62500469 0.78125000 0.74349062 0.78125000 0.74349062 0.68152969 0.62500469 0.68152969 0.62500469 0.78125000
5 0.76952344 0.31955000 0.69358125 0.31955000 0.69358125 0.47167813 0.76952344 0.47167813 0.76952344 0.31955000
5 0.84375312 0.33434375 0.75532500 0.33434375 0.75532500 0.50618281 0.84375312 0.50618281 0.84375312 0.33434375
5 0.59439219 0.30652812 0.43056094 0.30652812 0.43056094 0.39669531 0.59439219 0.39669531 0.59439219 0.30652812
5 0.71193438 0.24750312 0.56337187 0.24750312 0.56337187 0.32171563 0.71193438 0.32171563 0.71193438 0.24750312
5 0.44923750 0.35861250 0.29427813 0.35861250 0.29427813 0.44878906 0.44923750 0.44878906 0.44923750 0.35861250
5 0.68195625 0.37771094 0.54601094 0.37771094 0.54601094 0.50246094 0.68195625 0.50246094 0.68195625 0.37771094
4 0.31907188 0.23535000 0.21788594 0.23535000 0.21788594 0.32092500 0.31907188 0.32092500 0.31907188 0.23535000
3 0.57624844 0.22840469 0.39757344 0.22840469 0.39757344 0.32171406 0.57624844 0.32171406 0.57624844 0.22840469
3 0.46895938 0.29611406 0.25000312 0.29611406 0.25000312 0.37065156 0.46895938 0.37065156 0.46895938 0.29611406
3 0.34352813 0.40288281 0.16059688 0.40288281 0.16059688 0.48509687 0.34352813 0.48509687 0.34352813 0.40288281
3 0.57072500 0.46127813 0.39410312 0.46127813 0.39410312 0.58375781 0.57072500 0.58375781 0.57072500 0.46127813
3 0.74191406 0.44368281 0.64670625 0.44368281 0.64670625 0.65400469 0.74191406 0.65400469 0.74191406 0.44368281
4 0.20152813 0.30826406 0.09549219 0.30826406 0.09549219 0.38880313 0.20152813 0.38880313 0.20152813 0.30826406
