4 0.12587344 0.59085937 0.23466250 0.59085937 0.23466250 0.48795313 0.12587344 0.48795313 0.12587344 0.59085937
4 0.17622031 0.71398750 0.28515000 0.71398750 0.28515000 0.59472500 0.17622031 0.59472500 0.17622031 0.71398750
4 0.55035312 0.44168594 0.64488125 0.44168594 0.64488125 0.31781406 0.55035312 0.31781406 0.55035312 0.44168594
4 0.77430937 0.74634844 0.89180000 0.74634844 0.89180000 0.63378594 0.77430937 0.63378594 0.77430937 0.74634844
4 0.38542344 0.30592812 0.51708281 0.30592812 0.51708281 0.21875000 0.38542344 0.21875000 0.38542344 0.30592812
3 0.15191562 0.48667500 0.35536094 0.48667500 0.35536094 0.28135625 0.15191562 0.28135625 0.15191562 0.48667500
3 0.71354688 0.62085156 0.87839062 0.62085156 0.87839062 0.41330000 0.71354688 0.41330000 0.71354688 0.62085156
3 0.63715781 0.60190937 0.73718125 0.60190937 0.73718125 0.40635469 0.63715781 0.40635469 0.63715781 0.60190937
3 0.38542187 0.54744844 0.48000469 0.54744844 0.48000469 0.31434219 0.38542187 0.31434219 0.38542187 0.54744844
3 0.27322031 0.62637813 0.41373906 0.62637813 0.41373906 0.39246562 0.27322031 0.39246562 0.27322031 0.62637813
3 0.46064375 0.63269219 0.61490312 0.63269219 0.61490312 0.44020937 0.46064375 0.44020937 0.46064375 0.63269219
5 0.62413594 0.41879687 0.70877969 0.41879687 0.70877969 0.25618281 0.62413594 0.25618281 0.62413594 0.41879687
5 0.68353594 0.41330156 0.79167188 0.41330156 0.79167188 0.28619844 0.68353594 0.28619844 0.68353594 0.41330156
5 0.99987969 0.55913437 0.90625625 0.55913437 0.90625625 0.78125000 0.99987969 0.78125000 0.99987969 0.55913437
5 0.63628906 0.78124844 0.80344531 0.78124844 0.80344531 0.62770938 0.63628906 0.62770938 0.63628906 0.78124844
5 0.52654844 0.56955000 0.43229531 0.56955000 0.43229531 0.78125000 0.52654844 0.78125000 0.52654844 0.56955000
5 0.38194844 0.68636250 0.48710312 0.68636250 0.48710312 0.50618281 0.38194844 0.50618281 0.38194844 0.68636250
5 0.29514375 0.21875000 0.29514375 0.31382344 0.40585000 0.31382344 0.40585000 0.21875000 0.29514375 0.21875000
3 0.55295625 0.78124844 0.67406875 0.78124844 0.67406875 0.61208438 0.55295625 0.61208438 0.55295625 0.78124844
