10 0.47130781 0.52229687 0.29992188 0.52229687 0.29992188 0.63195313 0.47130781 0.63195313 0.47130781 0.52229687
10 0.18390781 0.57585625 0.06690469 0.57585625 0.06690469 0.64447188 0.18390781 0.64447188 0.18390781 0.57585625
9 0.33617812 0.47104844 0.15820156 0.47104844 0.15820156 0.59407656 0.33617812 0.59407656 0.33617812 0.47104844
10 0.17863594 0.28937188 0.19511406 0.29793594 0.20236563 0.30913438 0.22016406 0.32560469 0.24059844 0.33219219 0.25444063 0.33285000 0.26960156 0.33350937 0.27487500 0.34536719 0.28937656 0.35261406 0.31244688 0.34009688 0.33617812 0.34405000 0.35133906 0.35327344 0.37902344 0.36447188 0.40736875 0.36710781 0.41132344 0.34405000 0.39945781 0.32362813 0.38627500 0.29859375 0.37506875 0.28080625 0.36122656 0.25709063 0.34540625 0.23139844 0.33222187 0.22349375 0.30321875 0.22085781 0.27685156 0.22085781 0.25954844 0.22303437 0.23202812 0.24984375 0.20302500 0.27026719 0.17863594 0.28937188
10 0.38166094 0.30452344 0.40011719 0.32560469 0.41989219 0.35063750 0.42714375 0.36908438 0.44889687 0.39411719 0.46933125 0.40861094 0.50097031 0.41256406 0.49569687 0.39082344 0.51349531 0.37962500 0.53788437 0.36579062 0.55831875 0.34932031 0.54183906 0.33087500 0.52536094 0.32362813 0.52338281 0.30584062 0.52865625 0.28871250 0.51745000 0.27685469 0.50492656 0.28146562 0.49240156 0.29398281 0.47526250 0.28080625 0.46471563 0.27619531 0.45219219 0.26367812 0.43439375 0.25182031 0.41989219 0.24325625 0.39352500 0.23666875 0.37243281 0.22962656 0.36847656 0.24852656 0.37045469 0.28014844 0.38166094 0.30452344
10 0.71025781 0.26319063 0.56507500 0.26319063 0.56507500 0.41089844 0.71025781 0.41089844 0.71025781 0.26319063
10 0.81819687 0.23951250 0.68965781 0.23951250 0.68965781 0.41800312 0.81819687 0.41800312 0.81819687 0.23951250
9 0.98793281 0.34992500 0.79446719 0.34992500 0.79446719 0.46345937 0.98793281 0.46345937 0.98793281 0.34992500
11 0.61962187 0.38782813 0.51563750 0.38782813 0.51563750 0.46345781 0.61962187 0.46345781 0.61962187 0.38782813
9 0.54464219 0.47918437 0.43587813 0.47918437 0.43587813 0.72565313 0.54464219 0.72565313 0.54464219 0.47918437
9 0.76216875 0.49411875 0.53805000 0.49411875 0.53805000 0.71898125 0.76216875 0.71898125 0.76216875 0.49411875
