10 0.39452500 0.43820781 0.21806406 0.43820781 0.21806406 0.65105156 0.39452500 0.65105156 0.39452500 0.43820781
10 0.48060156 0.62221094 0.40564375 0.62221094 0.40564375 0.75625781 0.48060156 0.75625781 0.48060156 0.62221094
10 0.34849531 0.58301875 0.15685312 0.58301875 0.15685312 0.75685469 0.34849531 0.75685469 0.34849531 0.58301875
10 0.36164688 0.32706563 0.22248750 0.32706563 0.22248750 0.40808125 0.36164688 0.40808125 0.36164688 0.32706563
9 0.25883125 0.34021563 0.05750625 0.34021563 0.05750625 0.44561250 0.25883125 0.44561250 0.25883125 0.34021563
11 0.42094375 0.26549531 0.32877031 0.26549531 0.32877031 0.33616562 0.42094375 0.33616562 0.42094375 0.26549531
11 0.47785156 0.22783750 0.40169531 0.22783750 0.40169531 0.29315313 0.47785156 0.29315313 0.47785156 0.22783750
9 0.46972188 0.32587031 0.36523125 0.32587031 0.36523125 0.49196875 0.46972188 0.49196875 0.46972188 0.32587031
9 0.71193594 0.25562500 0.47832969 0.25562500 0.47832969 0.39245781 0.71193594 0.39245781 0.71193594 0.25562500
10 0.87452656 0.42509688 0.70165469 0.42509688 0.70165469 0.59563750 0.87452656 0.59563750 0.87452656 0.42509688
10 0.91397969 0.65762656 0.75904063 0.65762656 0.75904063 0.74973281 0.91397969 0.74973281 0.91397969 0.65762656
11 0.52901875 0.61578437 0.46983906 0.61578437 0.46983906 0.69238125 0.52901875 0.69238125 0.52901875 0.61578437
9 0.75330000 0.59570469 0.53559531 0.59570469 0.53559531 0.69859219 0.75330000 0.69859219 0.75330000 0.59570469
11 0.55412656 0.38923125 0.49040469 0.38923125 0.49040469 0.44708594 0.55412656 0.44708594 0.55412656 0.38923125
9 0.52244687 0.44601875 0.40863125 0.44601875 0.40863125 0.64332344 0.52244687 0.64332344 0.52244687 0.44601875
