10 0.28031719 0.28007656 0.03525469 0.28007656 0.03525469 0.46551250 0.28031719 0.46551250 0.28031719 0.28007656
10 0.42292344 0.34128281 0.26281094 0.34128281 0.26281094 0.48312813 0.42292344 0.48312813 0.42292344 0.34128281
9 0.33785000 0.47654375 0.17333281 0.47654375 0.17333281 0.62850937 0.33785000 0.62850937 0.33785000 0.47654375
11 0.18238906 0.60752031 0.10404844 0.60752031 0.10404844 0.67870312 0.18238906 0.67870312 0.18238906 0.60752031
10 0.57165000 0.50775781 0.45560469 0.50775781 0.45560469 0.61019531 0.57165000 0.61019531 0.57165000 0.50775781
10 0.55328750 0.40371094 0.40431563 0.40371094 0.40431563 0.51428438 0.55328750 0.51428438 0.55328750 0.40371094
11 0.25693750 0.63751250 0.15362500 0.63751250 0.15362500 0.72252812 0.25693750 0.72252812 0.25693750 0.63751250
9 0.46576719 0.53713594 0.29561875 0.53713594 0.29561875 0.72106094 0.46576719 0.72106094 0.46576719 0.53713594
9 0.76407656 0.44532969 0.58633906 0.44532969 0.58633906 0.68435781 0.76407656 0.68435781 0.76407656 0.44532969
11 0.82565156 0.67668281 0.71315625 0.67668281 0.71315625 0.76950469 0.82565156 0.76950469 0.82565156 0.67668281
11 0.87461406 0.54631562 0.78550000 0.54631562 0.78550000 0.63980938 0.87461406 0.63980938 0.87461406 0.54631562
10 0.77631875 0.23111250 0.63958750 0.23111250 0.63958750 0.34815781 0.77631875 0.34815781 0.77631875 0.23111250
9 0.86837031 0.34066719 0.69712031 0.34066719 0.69712031 0.54438438 0.86837031 0.54438438 0.86837031 0.34066719
10 0.58156562 0.23294844 0.39782969 0.23294844 0.39782969 0.34717656 0.58156562 0.34717656 0.58156562 0.23294844
