10 0.66171875 0.47191563 0.59974531 0.47191563 0.59974531 0.56780781 0.66171875 0.56780781 0.66171875 0.47191563
10 0.59752187 0.60130313 0.47629063 0.60130313 0.47629063 0.66532656 0.59752187 0.66532656 0.59752187 0.60130313
9 0.52482969 0.78125000 0.62912344 0.78125000 0.62912344 0.64687344 0.52482969 0.64687344 0.52482969 0.78125000
10 0.48980625 0.39582656 0.38458437 0.39582656 0.38458437 0.60386562 0.48980625 0.60386562 0.48980625 0.39582656
10 0.36906875 0.46467500 0.27597344 0.46467500 0.27597344 0.63114219 0.36906875 0.63114219 0.36906875 0.46467500
9 0.36198750 0.28232500 0.26460000 0.28232500 0.26460000 0.45555625 0.36198750 0.45555625 0.36198750 0.28232500
9 0.44038437 0.28378906 0.45196094 0.32138906 0.45774844 0.35754375 0.47173750 0.39562656 0.49971406 0.42696094 0.51756094 0.44576250 0.54264219 0.44142344 0.55084219 0.41732031 0.54264219 0.37634531 0.53926562 0.35224062 0.53637188 0.33681563 0.52334844 0.30162500 0.50501875 0.26498750 0.48813750 0.23413594 0.47173750 0.21875000 0.44520781 0.21875000 0.39986719 0.21967344 0.38889375 0.22128281 0.39359687 0.25679219 0.42880781 0.28089531 0.44038437 0.28378906
10 0.71568438 0.22550312 0.54842969 0.22550312 0.54842969 0.43178281 0.71568438 0.43178281 0.71568438 0.22550312
11 0.77055156 0.22550312 0.72460938 0.22550312 0.72460938 0.27852187 0.77055156 0.27852187 0.77055156 0.22550312
10 0.92791719 0.50044219 0.83892656 0.50044219 0.83892656 0.60921875 0.92791719 0.60921875 0.92791719 0.50044219
9 0.89717031 0.30262344 0.71206875 0.30262344 0.71206875 0.49200156 0.89717031 0.49200156 0.89717031 0.30262344
