10 0.46078125 0.29367031 0.31991094 0.29367031 0.31991094 0.45972500 0.46078125 0.45972500 0.46078125 0.29367031
10 0.18488125 0.46046250 0.08973281 0.46046250 0.08973281 0.60330781 0.18488125 0.60330781 0.18488125 0.46046250
9 0.18119844 0.57213437 0.09614531 0.57213437 0.09614531 0.73213594 0.18119844 0.73213594 0.18119844 0.57213437
10 0.46818750 0.56230781 0.34042187 0.56230781 0.34042187 0.72432812 0.46818750 0.72432812 0.46818750 0.56230781
10 0.55535156 0.50551875 0.44796094 0.50551875 0.44796094 0.61049219 0.55535156 0.61049219 0.55535156 0.50551875
9 0.36093281 0.37842031 0.20154688 0.37842031 0.20154688 0.60457344 0.36093281 0.60457344 0.36093281 0.37842031
9 0.82043125 0.53053438 0.66503281 0.53053438 0.66503281 0.65189844 0.82043125 0.65189844 0.82043125 0.53053438
11 0.67813750 0.50020469 0.62116406 0.50020469 0.62116406 0.57608750 0.67813750 0.57608750 0.67813750 0.50020469
9 0.84165313 0.39409062 0.71502813 0.39409062 0.71502813 0.53622812 0.84165313 0.53622812 0.84165313 0.39409062
11 0.90874375 0.49735469 0.82912031 0.49735469 0.82912031 0.59829219 0.90874375 0.59829219 0.90874375 0.49735469
9 0.63229219 0.55390938 0.52916719 0.55390938 0.52916719 0.68999062 0.63229219 0.68999062 0.63229219 0.55390938
