10 0.07999375 0.47360156 0.28508438 0.47360156 0.28508438 0.29989844 0.07999375 0.29989844 0.07999375 0.47360156
10 0.23323281 0.39346406 0.43466250 0.39346406 0.43466250 0.27484219 0.23323281 0.27484219 0.23323281 0.39346406
10 0.42926875 0.47051875 0.53875313 0.47051875 0.53875313 0.31435625 0.42926875 0.31435625 0.42926875 0.47051875
9 0.10890781 0.63503750 0.24961875 0.63503750 0.24961875 0.46277969 0.10890781 0.46277969 0.10890781 0.63503750
10 0.19564687 0.72827656 0.39225937 0.72827656 0.39225937 0.61409219 0.19564687 0.61409219 0.19564687 0.72827656
10 0.54973906 0.68666563 0.71608906 0.68666563 0.71608906 0.56493906 0.54973906 0.56493906 0.54973906 0.68666563
10 0.54549687 0.44701875 0.67001875 0.44701875 0.67001875 0.33170469 0.54549687 0.33170469 0.54549687 0.44701875
9 0.68119844 0.42005000 0.87318281 0.42005000 0.87318281 0.28833594 0.68119844 0.28833594 0.68119844 0.42005000
11 0.80533281 0.50250000 0.93101094 0.50250000 0.93101094 0.40784375 0.80533281 0.40784375 0.80533281 0.50250000
9 0.54164375 0.54719375 0.81227344 0.54719375 0.81227344 0.44350312 0.54164375 0.44350312 0.54164375 0.54719375
11 0.28335156 0.55952187 0.36970625 0.55952187 0.36970625 0.44928594 0.28335156 0.44928594 0.28335156 0.55952187
9 0.37298125 0.66662969 0.56169062 0.66662969 0.56169062 0.51771406 0.37298125 0.51771406 0.37298125 0.66662969
