10 0.50474375 0.53305313 0.37267813 0.53305313 0.37267813 0.61881094 0.50474375 0.61881094 0.50474375 0.53305313
9 0.53067500 0.59830156 0.43153438 0.59830156 0.43153438 0.75622500 0.53067500 0.75622500 0.53067500 0.59830156
11 0.57819531 0.60059688 0.52524688 0.60059688 0.52524688 0.67233125 0.57819531 0.67233125 0.57819531 0.60059688
10 0.61702969 0.78125000 0.73450156 0.78125000 0.73450156 0.68042031 0.61702969 0.68042031 0.61702969 0.78125000
10 0.33155000 0.56561875 0.20865156 0.56561875 0.20865156 0.65520937 0.33155000 0.65520937 0.33155000 0.56561875
10 0.15739375 0.52582344 0.03726875 0.52582344 0.03726875 0.73572969 0.15739375 0.73572969 0.15739375 0.52582344
9 0.31852500 0.46309688 0.08261562 0.46309688 0.08261562 0.57825156 0.31852500 0.57825156 0.31852500 0.46309688
10 0.27679375 0.24299219 0.18513281 0.24299219 0.18513281 0.37796094 0.27679375 0.37796094 0.27679375 0.24299219
9 0.39547344 0.35756875 0.23397969 0.35756875 0.23397969 0.53491563 0.39547344 0.53491563 0.39547344 0.35756875
11 0.43539375 0.24902188 0.34976094 0.24902188 0.34976094 0.33482656 0.43539375 0.33482656 0.43539375 0.24902188
9 0.52995156 0.32922812 0.38654844 0.32922812 0.38654844 0.47416719 0.52995156 0.47416719 0.52995156 0.32922812
10 0.65116250 0.24998906 0.54985313 0.24998906 0.54985313 0.49875469 0.65116250 0.49875469 0.65116250 0.24998906
9 0.63258906 0.47395625 0.53706719 0.47395625 0.53706719 0.65890781 0.63258906 0.65890781 0.63258906 0.47395625
10 0.95147656 0.54377969 0.87464844 0.54377969 0.87464844 0.63701719 0.95147656 0.63701719 0.95147656 0.54377969
11 0.85547187 0.27133438 0.80988281 0.27133438 0.80988281 0.33218594 0.85547187 0.33218594 0.85547187 0.27133438
9 0.90419688 0.33525625 0.80747031 0.33525625 0.80747031 0.56120781 0.90419688 0.56120781 0.90419688 0.33525625
