4 0.18022813 0.63465469 0.05122031 0.63465469 0.05122031 0.75581875 0.18022813 0.75581875 0.18022813 0.63465469
4 0.14551719 0.41937656 0.02083750 0.41937656 0.02083750 0.51903594 0.14551719 0.51903594 0.14551719 0.41937656
4 0.17549531 0.27961875 0.07205156 0.27961875 0.07205156 0.35407344 0.17549531 0.35407344 0.17549531 0.27961875
4 0.18180469 0.23882188 0.09722656 0.23882188 0.09722656 0.29566719 0.18180469 0.29566719 0.18180469 0.23882188
4 0.74349219 0.49837031 0.66320000 0.49837031 0.66320000 0.62716719 0.74349219 0.62716719 0.74349219 0.49837031
4 0.67882500 0.78125000 0.79476875 0.78125000 0.79476875 0.71451562 0.67882500 0.71451562 0.67882500 0.78125000
4 0.30250625 0.53569687 0.18821719 0.53569687 0.18821719 0.63348125 0.30250625 0.63348125 0.30250625 0.53569687
4 0.26069375 0.65982812 0.16927500 0.65982812 0.16927500 0.77555156 0.26069375 0.77555156 0.26069375 0.65982812
5 0.59597031 0.34298750 0.44618594 0.34298750 0.44618594 0.45431406 0.59597031 0.45431406 0.59597031 0.34298750
5 0.47448125 0.28830156 0.31337187 0.28830156 0.31337187 0.38959375 0.47448125 0.38959375 0.47448125 0.28830156
5 0.89180000 0.37250156 0.78819844 0.37250156 0.78819844 0.53402969 0.89180000 0.53402969 0.89180000 0.37250156
3 0.46580312 0.39254062 0.29427500 0.39254062 0.29427500 0.57033906 0.46580312 0.57033906 0.46580312 0.39254062
3 0.83500156 0.47319688 0.73524844 0.47319688 0.73524844 0.70609531 0.83500156 0.70609531 0.83500156 0.47319688
3 0.84446719 0.28396094 0.68783437 0.28396094 0.68783437 0.47483594 0.84446719 0.47483594 0.84446719 0.28396094
3 0.31986250 0.35118906 0.15017969 0.35118906 0.15017969 0.49614375 0.31986250 0.49614375 0.31986250 0.35118906
3 0.39953906 0.24220781 0.19705469 0.24220781 0.19705469 0.37222969 0.39953906 0.37222969 0.39953906 0.24220781
3 0.57072344 0.26659844 0.36611406 0.26659844 0.36611406 0.42195313 0.57072344 0.42195313 0.57072344 0.26659844
