10 0.35990938 0.24530625 0.17330000 0.24530625 0.17330000 0.35116875 0.35990938 0.35116875 0.35990938 0.24530625
10 0.53886094 0.23062656 0.42863906 0.23062656 0.42863906 0.32600937 0.53886094 0.32600937 0.53886094 0.23062656
9 0.58141562 0.29031719 0.41441250 0.29031719 0.41441250 0.48855156 0.58141562 0.48855156 0.58141562 0.29031719
10 0.68965781 0.46566719 0.57399375 0.46566719 0.57399375 0.58526094 0.68965781 0.58526094 0.68965781 0.46566719
10 0.83983594 0.41185469 0.72182031 0.41185469 0.72182031 0.51108125 0.83983594 0.51108125 0.83983594 0.41185469
9 0.84490937 0.23142344 0.62112656 0.23142344 0.62112656 0.41989375 0.84490937 0.41989375 0.84490937 0.23142344
9 0.98061250 0.44772812 0.83006406 0.44772812 0.83006406 0.58909531 0.98061250 0.58909531 0.98061250 0.44772812
11 0.69275000 0.66278125 0.58982813 0.66278125 0.58982813 0.72050000 0.69275000 0.72050000 0.69275000 0.66278125
9 0.57597344 0.46504844 0.49853281 0.46504844 0.49853281 0.56832656 0.57597344 0.56832656 0.57597344 0.46504844
9 0.55568594 0.55847812 0.54628281 0.58370000 0.52847031 0.59457969 0.49581094 0.63315312 0.47008125 0.66529688 0.45127812 0.69299062 0.43742187 0.72464062 0.43494844 0.76074063 0.46364844 0.76914844 0.49432813 0.76667500 0.53044844 0.74491562 0.55865469 0.71573906 0.59032187 0.66677969 0.61902187 0.62919687 0.64326875 0.59359063 0.59675469 0.55748906 0.57250937 0.53869688 0.55568594 0.55847812
10 0.29986094 0.35185625 0.18370156 0.35185625 0.18370156 0.44686250 0.29986094 0.44686250 0.29986094 0.35185625
10 0.40921875 0.32959062 0.31668750 0.32959062 0.31668750 0.45625937 0.40921875 0.45625937 0.40921875 0.32959062
9 0.22415469 0.55468750 0.24889531 0.59622656 0.26621406 0.60117188 0.27462656 0.56803906 0.26374063 0.52402656 0.25285469 0.48347500 0.23553594 0.45182500 0.21227813 0.42561562 0.18605312 0.39989844 0.15784844 0.38605156 0.13657031 0.38901875 0.13211719 0.40682187 0.15438437 0.44589062 0.19100156 0.50078281 0.22415469 0.55468750
9 0.28303750 0.67689687 0.30085156 0.65513750 0.31371719 0.63090625 0.32460312 0.60716875 0.33351094 0.57452969 0.33796406 0.54040781 0.33202500 0.51122969 0.31767656 0.47611875 0.30777969 0.44694062 0.29194531 0.42073125 0.27462656 0.41380781 0.24790625 0.42221406 0.23652500 0.44397344 0.24345312 0.46771094 0.25928594 0.50529531 0.26918281 0.53348281 0.27907969 0.56463906 0.27512031 0.59678281 0.27017344 0.62002656 0.26596719 0.63576094 0.25978125 0.65612656 0.25780156 0.67491875 0.28303750 0.67689687
9 0.33647813 0.51760781 0.33400469 0.55172969 0.33153125 0.57991875 0.32460312 0.61354531 0.31470625 0.64173437 0.30629531 0.66596563 0.31718125 0.68129687 0.34489063 0.67585625 0.35775625 0.65657031 0.37457969 0.63629375 0.39239375 0.60316094 0.39932187 0.57794062 0.40674375 0.55370781 0.39189844 0.53491563 0.40773281 0.51315625 0.41317656 0.49387031 0.41020781 0.45974687 0.40327969 0.43403125 0.37705469 0.44243906 0.33400469 0.45282500 0.33153125 0.46518750 0.33697344 0.48496875 0.33647813 0.51760781
11 0.28600781 0.66224531 0.22576250 0.66224531 0.22576250 0.74022188 0.28600781 0.74022188 0.28600781 0.66224531
11 0.33252031 0.66901094 0.28142813 0.66901094 0.28142813 0.73781719 0.33252031 0.73781719 0.33252031 0.66901094
11 0.44781406 0.49062813 0.39771250 0.49062813 0.39771250 0.56920625 0.44781406 0.56920625 0.44781406 0.49062813
