9 0.29700625 0.25421094 0.15594062 0.25421094 0.15594062 0.40091875 0.29700625 0.40091875 0.29700625 0.25421094
9 0.36172969 0.40092031 0.16572813 0.40092031 0.16572813 0.51975156 0.36172969 0.51975156 0.36172969 0.40092031
10 0.14210938 0.78125000 0.25890156 0.78125000 0.25890156 0.66190938 0.14210938 0.66190938 0.14210938 0.78125000
10 0.46756094 0.54772656 0.35690312 0.54772656 0.35690312 0.75212813 0.46756094 0.75212813 0.46756094 0.54772656
9 0.66656719 0.43860469 0.41040625 0.43860469 0.41040625 0.56338594 0.66656719 0.56338594 0.66656719 0.43860469
10 0.58826875 0.60775313 0.46651719 0.60775313 0.46651719 0.73647656 0.58826875 0.73647656 0.58826875 0.60775313
9 0.77044062 0.54513125 0.54416250 0.54513125 0.54416250 0.64101406 0.77044062 0.64101406 0.77044062 0.54513125
9 0.90863281 0.30190156 0.82276875 0.30190156 0.82276875 0.51771406 0.90863281 0.51771406 0.90863281 0.30190156
11 0.88879844 0.22148906 0.82081094 0.22148906 0.82081094 0.30359375 0.88879844 0.30359375 0.88879844 0.22148906
10 0.57535000 0.21915156 0.36016562 0.21915156 0.36016562 0.39071250 0.57535000 0.39071250 0.57535000 0.21915156
10 0.90729219 0.51458437 0.82291719 0.51458437 0.82291719 0.61711875 0.90729219 0.61711875 0.90729219 0.51458437
