7 0.27270625 0.42146563 0.17969531 0.42146563 0.17969531 0.54957188 0.27270625 0.54957188 0.27270625 0.42146563
6 0.33893281 0.41809844 0.33893281 0.21875000 0.18979219 0.21875000 0.18979219 0.41809844 0.33893281 0.41809844
7 0.42023281 0.28012813 0.32910469 0.28012813 0.32910469 0.39587031 0.42023281 0.39587031 0.42023281 0.28012813
7 0.50260938 0.26734219 0.40246406 0.26734219 0.40246406 0.38349687 0.50260938 0.38349687 0.50260938 0.26734219
6 0.62240781 0.38512031 0.44688437 0.38512031 0.44688437 0.59543594 0.62240781 0.59543594 0.62240781 0.38512031
6 0.52333906 0.41204219 0.35939062 0.41204219 0.35939062 0.59543750 0.52333906 0.59543750 0.52333906 0.41204219
8 0.64286719 0.62134844 0.58350781 0.62134844 0.58350781 0.69785937 0.64286719 0.69785937 0.64286719 0.62134844
8 0.59494844 0.60923437 0.52899375 0.60923437 0.52899375 0.68763594 0.59494844 0.68763594 0.59494844 0.60923437
6 0.17162031 0.25455469 0.01117188 0.25455469 0.01117188 0.46127344 0.17162031 0.46127344 0.17162031 0.25455469
6 0.15614219 0.43439062 0.00807656 0.43439062 0.00807656 0.64807344 0.15614219 0.64807344 0.15614219 0.43439062
7 0.76858906 0.45915312 0.66144219 0.45915312 0.66144219 0.59693438 0.76858906 0.59693438 0.76858906 0.45915312
7 0.85742500 0.48943750 0.76266406 0.48943750 0.76266406 0.61522969 0.85742500 0.61522969 0.85742500 0.48943750
6 0.83898438 0.25914375 0.68190156 0.25914375 0.68190156 0.47339687 0.83898438 0.47339687 0.83898438 0.25914375
6 0.92876719 0.27407344 0.78258750 0.27407344 0.78258750 0.50280781 0.92876719 0.50280781 0.92876719 0.27407344
6 0.99973750 0.29156875 0.86550156 0.29156875 0.86550156 0.51625937 0.99973750 0.51625937 0.99973750 0.29156875
6 0.99876094 0.48943906 0.89619219 0.48943906 0.89619219 0.75047812 0.99876094 0.75047812 0.99876094 0.48943906
