9 0.16421406 0.63815625 0.29109375 0.63815625 0.29109375 0.44082344 0.16421406 0.44082344 0.16421406 0.63815625
10 0.25119375 0.71670000 0.42143594 0.71670000 0.42143594 0.60952500 0.25119375 0.60952500 0.25119375 0.71670000
11 0.36562813 0.60145625 0.45748594 0.60145625 0.45748594 0.48380000 0.36562813 0.48380000 0.36562813 0.60145625
10 0.64325000 0.73120937 0.79347969 0.73120937 0.79347969 0.64929531 0.64325000 0.64929531 0.64325000 0.73120937
9 0.45158281 0.72300312 0.65094844 0.72300312 0.65094844 0.57680938 0.45158281 0.57680938 0.45158281 0.72300312
9 0.77898438 0.64257031 0.84479687 0.64257031 0.84479687 0.58065937 0.77898438 0.58065937 0.77898438 0.64257031
11 0.80772188 0.58102656 0.85890937 0.58102656 0.85890937 0.50560781 0.80772188 0.50560781 0.80772188 0.58102656
9 0.51367656 0.61333750 0.77846875 0.61333750 0.77846875 0.44505312 0.51367656 0.44505312 0.51367656 0.61333750
10 0.58436406 0.34702031 0.74819219 0.34702031 0.74819219 0.22401250 0.58436406 0.22401250 0.58436406 0.34702031
10 0.47082656 0.38190469 0.63067812 0.38190469 0.63067812 0.26570469 0.47082656 0.26570469 0.47082656 0.38190469
10 0.31816250 0.47738438 0.48904531 0.47738438 0.48904531 0.30745469 0.31816250 0.30745469 0.31816250 0.47738438
9 0.69918594 0.51804219 0.84402656 0.51804219 0.84402656 0.34075312 0.69918594 0.34075312 0.69918594 0.51804219
10 0.16485469 0.43569062 0.37114531 0.43569062 0.37114531 0.27555937 0.16485469 0.27555937 0.16485469 0.43569062
