4 0.35938125 0.65321406 0.45949375 0.65321406 0.45949375 0.53309375 0.35938125 0.53309375 0.35938125 0.65321406
4 0.93663594 0.47720469 0.99999844 0.47720469 0.99999844 0.32215469 0.93663594 0.32215469 0.93663594 0.47720469
4 0.91178750 0.61453906 0.99999844 0.61453906 0.99999844 0.46625312 0.91178750 0.46625312 0.91178750 0.61453906
4 0.48264375 0.77318438 0.60464688 0.77318438 0.60464688 0.68500312 0.48264375 0.68500312 0.48264375 0.77318438
4 0.26042187 0.52771563 0.33327031 0.52771563 0.33327031 0.39507031 0.26042187 0.39507031 0.26042187 0.52771563
4 0.18229531 0.36196875 0.27252813 0.36196875 0.27252813 0.26486406 0.18229531 0.26486406 0.18229531 0.36196875
3 0.06163594 0.43458125 0.26306094 0.43458125 0.26306094 0.28569531 0.06163594 0.28569531 0.06163594 0.43458125
3 0.14757344 0.63505937 0.35615000 0.63505937 0.35615000 0.45844062 0.14757344 0.45844062 0.14757344 0.63505937
3 0.74219219 0.40064219 0.94939063 0.40064219 0.94939063 0.25184219 0.74219219 0.25184219 0.74219219 0.40064219
3 0.52257344 0.71398750 0.68037969 0.71398750 0.68037969 0.49750156 0.52257344 0.49750156 0.52257344 0.71398750
3 0.38542031 0.67294687 0.55889219 0.67294687 0.55889219 0.47493281 0.38542031 0.47493281 0.38542031 0.67294687
3 0.58594219 0.70293906 0.73244844 0.70293906 0.73244844 0.46017500 0.58594219 0.46017500 0.58594219 0.70293906
3 0.22222656 0.46220781 0.38139375 0.46220781 0.38139375 0.23187656 0.22222656 0.23187656 0.22222656 0.46220781
