4 0.31670625 0.38899531 0.18663750 0.38899531 0.18663750 0.52771719 0.31670625 0.52771719 0.31670625 0.38899531
3 0.48868281 0.21972344 0.25347812 0.21972344 0.25347812 0.43221406 0.48868281 0.43221406 0.48868281 0.21972344
4 0.58413750 0.55913594 0.49913750 0.55913594 0.49913750 0.69820313 0.58413750 0.69820313 0.58413750 0.55913594
3 0.64409063 0.36034844 0.52691406 0.36034844 0.52691406 0.57902031 0.64409063 0.57902031 0.64409063 0.36034844
3 0.84762187 0.28743281 0.62847656 0.28743281 0.62847656 0.50167187 0.84762187 0.50167187 0.84762187 0.28743281
3 0.81685781 0.45236250 0.68663594 0.45236250 0.68663594 0.63663750 0.81685781 0.63663750 0.81685781 0.45236250
4 0.71824687 0.40722500 0.61632500 0.40722500 0.61632500 0.51587812 0.71824687 0.51587812 0.71824687 0.40722500
4 0.82395625 0.63986250 0.72309531 0.63986250 0.72309531 0.75581875 0.82395625 0.75581875 0.82395625 0.63986250
4 0.92572344 0.53830000 0.82552656 0.53830000 0.82552656 0.67215781 0.92572344 0.67215781 0.92572344 0.53830000
3 0.90365156 0.30829844 0.74822344 0.30829844 0.74822344 0.52007187 0.90365156 0.52007187 0.90365156 0.30829844
5 0.98252344 0.57562656 0.87066406 0.57562656 0.87066406 0.78124844 0.98252344 0.78124844 0.98252344 0.57562656
