7 0.15982813 0.28701094 0.05827031 0.28701094 0.05827031 0.42550469 0.15982813 0.42550469 0.15982813 0.28701094
6 0.25306250 0.22041406 0.12653125 0.22041406 0.12653125 0.43095000 0.25306250 0.43095000 0.25306250 0.22041406
6 0.16709219 0.40128125 0.06659531 0.40128125 0.06659531 0.46731250 0.16709219 0.46731250 0.16709219 0.40128125
6 0.16345938 0.51873906 0.07037812 0.51873906 0.07037812 0.63854219 0.16345938 0.63854219 0.16345938 0.51873906
8 0.16043281 0.67114844 0.09444219 0.67114844 0.09444219 0.74200781 0.16043281 0.74200781 0.16043281 0.67114844
8 0.10670313 0.47392969 0.01755781 0.47392969 0.01755781 0.55807031 0.10670313 0.55807031 0.10670313 0.47392969
7 0.46919375 0.38841563 0.35174375 0.38841563 0.35174375 0.49331406 0.46919375 0.49331406 0.46919375 0.38841563
6 0.36082500 0.41050938 0.12895156 0.41050938 0.12895156 0.53082969 0.36082500 0.53082969 0.36082500 0.41050938
7 0.49416719 0.46712031 0.37792656 0.46712031 0.37792656 0.59465156 0.49416719 0.59465156 0.49416719 0.46712031
8 0.40940937 0.32439375 0.33130938 0.32439375 0.33130938 0.40746563 0.40940937 0.40746563 0.40940937 0.32439375
8 0.54698750 0.41565937 0.46238125 0.41565937 0.46238125 0.49961094 0.54698750 0.49961094 0.54698750 0.41565937
7 0.96865625 0.45879375 0.85181250 0.45879375 0.85181250 0.55243438 0.96865625 0.55243438 0.96865625 0.45879375
6 0.85756250 0.44820000 0.56091094 0.44820000 0.56091094 0.56513750 0.85756250 0.56513750 0.85756250 0.44820000
6 0.95805938 0.33620000 0.72195000 0.33620000 0.72195000 0.45328906 0.95805938 0.45328906 0.95805938 0.33620000
6 0.92779219 0.21875000 0.75827656 0.21875000 0.75827656 0.32575625 0.92779219 0.32575625 0.92779219 0.21875000
6 0.95427656 0.25598125 0.77583125 0.25598125 0.77583125 0.37597656 0.95427656 0.37597656 0.95427656 0.25598125
7 0.77083906 0.28156719 0.77083906 0.21875000 0.66670781 0.21875000 0.66670781 0.28156719 0.77083906 0.28156719
6 0.66489219 0.21926875 0.43589531 0.21926875 0.43589531 0.33863750 0.66489219 0.33863750 0.66489219 0.21926875
6 0.71771406 0.31808438 0.49870781 0.31808438 0.49870781 0.44742031 0.71771406 0.44742031 0.71771406 0.31808438
