7 0.12427344 0.46483125 0.00438750 0.46483125 0.00438750 0.56280313 0.12427344 0.56280313 0.12427344 0.46483125
6 0.39351250 0.46442656 0.10580469 0.46442656 0.10580469 0.56785938 0.39351250 0.56785938 0.39351250 0.46442656
6 0.41787500 0.61439687 0.22461406 0.61439687 0.22461406 0.78124844 0.41787500 0.78124844 0.41787500 0.61439687
6 0.33158281 0.54247656 0.14967812 0.54247656 0.14967812 0.72635625 0.33158281 0.72635625 0.33158281 0.54247656
7 0.05406719 0.78125000 0.14948438 0.78125000 0.14948438 0.67409375 0.05406719 0.67409375 0.05406719 0.78125000
6 0.54738281 0.28996406 0.34454375 0.28996406 0.34454375 0.50814375 0.54738281 0.50814375 0.54738281 0.28996406
6 0.63872969 0.40798281 0.43430000 0.40798281 0.43430000 0.67413125 0.63872969 0.67413125 0.63872969 0.40798281
6 0.90641250 0.22069219 0.72619062 0.22069219 0.72619062 0.42620781 0.90641250 0.42620781 0.90641250 0.22069219
6 0.91418906 0.38501250 0.71205625 0.38501250 0.71205625 0.61126875 0.91418906 0.61126875 0.91418906 0.38501250
7 0.99999844 0.53431562 0.91348125 0.53431562 0.91348125 0.67060000 0.99999844 0.67060000 0.99999844 0.53431562
