9 0.23071094 0.33006719 0.11105469 0.33006719 0.11105469 0.51098437 0.23071094 0.51098437 0.23071094 0.33006719
10 0.29212969 0.50876094 0.18994375 0.50876094 0.18994375 0.66816719 0.29212969 0.66816719 0.29212969 0.50876094
10 0.30218750 0.66983594 0.16876563 0.66983594 0.16876563 0.77498125 0.30218750 0.77498125 0.30218750 0.66983594
9 0.35089687 0.29646406 0.20370625 0.29646406 0.20370625 0.54151875 0.35089687 0.54151875 0.35089687 0.29646406
10 0.58465312 0.22456406 0.37061875 0.22456406 0.37061875 0.38604531 0.58465312 0.38604531 0.58465312 0.22456406
9 0.72919375 0.41955156 0.54970781 0.41955156 0.54970781 0.61934844 0.72919375 0.61934844 0.72919375 0.41955156
9 0.46857031 0.64972969 0.36916406 0.64972969 0.36916406 0.75050000 0.46857031 0.75050000 0.46857031 0.64972969
10 0.49702813 0.55243906 0.39722656 0.55243906 0.39722656 0.67588906 0.49702813 0.67588906 0.49702813 0.55243906
10 0.80689375 0.44752812 0.72492969 0.44752812 0.72492969 0.57721094 0.80689375 0.57721094 0.80689375 0.44752812
9 0.80953906 0.25114375 0.68802812 0.25114375 0.68802812 0.45250625 0.80953906 0.45250625 0.80953906 0.25114375
10 0.58191562 0.43554531 0.48385000 0.43554531 0.48385000 0.56334531 0.58191562 0.56334531 0.58191562 0.43554531
