10 0.27570781 0.27681406 0.03307812 0.27681406 0.03307812 0.47896250 0.27570781 0.47896250 0.27570781 0.27681406
10 0.46555469 0.31921563 0.28573750 0.31921563 0.28573750 0.43324219 0.46555469 0.43324219 0.46555469 0.31921563
9 0.32901875 0.40190937 0.18685625 0.40190937 0.18685625 0.55598594 0.32901875 0.55598594 0.32901875 0.40190937
11 0.20497969 0.50747813 0.09677031 0.50747813 0.09677031 0.61647500 0.20497969 0.61647500 0.20497969 0.50747813
11 0.37124688 0.62096406 0.21641406 0.62096406 0.21641406 0.70915625 0.37124688 0.70915625 0.37124688 0.62096406
10 0.51640312 0.40718750 0.39447187 0.40718750 0.39447187 0.56004219 0.51640312 0.56004219 0.51640312 0.40718750
10 0.63868750 0.48020625 0.50707812 0.48020625 0.50707812 0.58184687 0.63868750 0.58184687 0.63868750 0.48020625
9 0.41453125 0.59558437 0.38145313 0.62231250 0.37019219 0.64130313 0.36456250 0.67154844 0.38356406 0.68491250 0.39834375 0.69757344 0.43071719 0.68913281 0.45816563 0.67084531 0.48490937 0.65818438 0.49828125 0.64552344 0.52643281 0.61668594 0.54613906 0.60754219 0.55810312 0.59277031 0.54754687 0.57026250 0.52643281 0.53861094 0.51095000 0.52665312 0.50461563 0.52454375 0.47435313 0.55127188 0.44972031 0.56745000 0.41453125 0.59558437
11 0.56936406 0.44928281 0.58203281 0.46194375 0.60455313 0.48234062 0.62214844 0.49640937 0.62566719 0.52243281 0.62637031 0.54423750 0.64044688 0.56745000 0.65663281 0.59136406 0.66789375 0.61316875 0.68548906 0.63356563 0.69886094 0.63919375 0.72208594 0.64341406 0.74390312 0.63215937 0.74882969 0.61035469 0.74390312 0.58503281 0.73405000 0.55830469 0.72701250 0.54001719 0.72349375 0.51399375 0.71082500 0.49359531 0.69675000 0.47530781 0.68267344 0.45490938 0.67000469 0.43662187 0.65311406 0.42396250 0.64185469 0.40919063 0.63270469 0.39582656 0.62285156 0.40919063 0.61229531 0.42396250 0.58414375 0.42958906 0.56936406 0.44928281
11 0.78296250 0.62272344 0.69886094 0.62272344 0.69886094 0.74399531 0.78296250 0.74399531 0.78296250 0.62272344
10 0.76132187 0.28402656 0.62549063 0.28402656 0.62549063 0.43183906 0.76132187 0.43183906 0.76132187 0.28402656
9 0.69428594 0.30874844 0.72173438 0.33406875 0.73440156 0.35446719 0.77029531 0.35305938 0.79140937 0.34743281 0.80407656 0.31578125 0.78577812 0.29467969 0.75973906 0.27920625 0.73229062 0.26373125 0.72102969 0.24755469 0.70202813 0.22997031 0.68513750 0.22575000 0.65980156 0.23489375 0.67598750 0.26302813 0.68021094 0.28905313 0.69428594 0.30874844
10 0.57077187 0.21980625 0.39060312 0.21980625 0.39060312 0.35447969 0.57077187 0.35447969 0.57077187 0.21980625
