10 0.45829375 0.36452969 0.31766406 0.36452969 0.31766406 0.50140781 0.45829375 0.50140781 0.45829375 0.36452969
10 0.48031250 0.46396562 0.33257813 0.46396562 0.33257813 0.64061250 0.48031250 0.64061250 0.48031250 0.46396562
10 0.43414375 0.67326406 0.27575625 0.67326406 0.27575625 0.77736563 0.43414375 0.77736563 0.43414375 0.67326406
11 0.18058281 0.51279844 0.03640156 0.51279844 0.03640156 0.60867031 0.18058281 0.60867031 0.18058281 0.51279844
9 0.33684063 0.53943281 0.15892031 0.53943281 0.15892031 0.70520781 0.33684063 0.70520781 0.33684063 0.53943281
11 0.80347813 0.59021563 0.70794844 0.59021563 0.70794844 0.69657656 0.80347813 0.69657656 0.80347813 0.59021563
11 0.85658594 0.71561406 0.78137187 0.71561406 0.78137187 0.78098906 0.85658594 0.78098906 0.85658594 0.71561406
10 0.60549531 0.63988750 0.45586406 0.63988750 0.45586406 0.73947812 0.60549531 0.73947812 0.60549531 0.63988750
9 0.78623125 0.62513906 0.60469063 0.62513906 0.60469063 0.75285000 0.78623125 0.75285000 0.78623125 0.62513906
9 0.72160469 0.46558594 0.47932656 0.46558594 0.47932656 0.62325312 0.72160469 0.62325312 0.72160469 0.46558594
10 0.90770625 0.30559844 0.71731563 0.30559844 0.71731563 0.53195313 0.90770625 0.53195313 0.90770625 0.30559844
10 0.71128125 0.23221562 0.56004219 0.23221562 0.56004219 0.37642500 0.71128125 0.37642500 0.71128125 0.23221562
11 0.41041094 0.27184375 0.41041094 0.21875000 0.29094844 0.21875000 0.29094844 0.27184375 0.41041094 0.27184375
9 0.57452188 0.22953750 0.39968594 0.22953750 0.39968594 0.33150937 0.57452188 0.33150937 0.57452188 0.22953750
