10 0.43101875 0.41980000 0.20995000 0.41980000 0.20995000 0.61215937 0.43101875 0.61215937 0.43101875 0.41980000
11 0.15155156 0.37878281 0.05700469 0.37878281 0.05700469 0.45930625 0.15155156 0.45930625 0.15155156 0.37878281
9 0.17519062 0.45809062 0.05645000 0.45809062 0.05645000 0.70274219 0.17519062 0.70274219 0.17519062 0.45809062
10 0.54934219 0.47365625 0.41030312 0.47365625 0.41030312 0.64017656 0.54934219 0.64017656 0.54934219 0.47365625
10 0.63220781 0.49477813 0.54072031 0.49477813 0.54072031 0.59957187 0.63220781 0.59957187 0.63220781 0.49477813
11 0.62145937 0.27237813 0.54051406 0.27237813 0.54051406 0.33484687 0.62145937 0.33484687 0.62145937 0.27237813
9 0.59148906 0.31494063 0.46790156 0.31494063 0.46790156 0.49495625 0.59148906 0.49495625 0.59148906 0.31494063
9 0.43421875 0.25504375 0.19392187 0.25504375 0.19392187 0.36835156 0.43421875 0.36835156 0.43421875 0.25504375
10 0.84329063 0.27067656 0.63086562 0.27067656 0.63086562 0.39440625 0.84329063 0.39440625 0.84329063 0.27067656
9 0.90852500 0.46011250 0.75089688 0.46011250 0.75089688 0.60018906 0.90852500 0.60018906 0.90852500 0.46011250
