11 0.32779531 0.72532812 0.42283906 0.72532812 0.42283906 0.65605781 0.32779531 0.65605781 0.32779531 0.72532812
9 0.21516094 0.69142344 0.33178594 0.69142344 0.33178594 0.57498281 0.21516094 0.57498281 0.21516094 0.69142344
10 0.20217500 0.46662031 0.33458125 0.46662031 0.33458125 0.38076562 0.20217500 0.38076562 0.20217500 0.46662031
10 0.30521719 0.63065000 0.45589219 0.63065000 0.45589219 0.46272500 0.30521719 0.46272500 0.30521719 0.63065000
9 0.45090469 0.71218906 0.56104219 0.71218906 0.56104219 0.47002969 0.45090469 0.47002969 0.45090469 0.71218906
10 0.54507656 0.70345781 0.44653750 0.70345781 0.44653750 0.78125000 0.54507656 0.78125000 0.54507656 0.70345781
10 0.57127031 0.73838281 0.69774687 0.73838281 0.69774687 0.54632031 0.57127031 0.54632031 0.57127031 0.73838281
11 0.84193750 0.48891250 0.93910469 0.48891250 0.93910469 0.42275469 0.84193750 0.42275469 0.84193750 0.48891250
9 0.72406562 0.64613750 0.82684531 0.64613750 0.82684531 0.50762812 0.72406562 0.50762812 0.72406562 0.64613750
9 0.65421719 0.46912656 0.85129219 0.46912656 0.85129219 0.34298281 0.65421719 0.34298281 0.65421719 0.46912656
11 0.69512969 0.49206406 0.75275469 0.49206406 0.75275469 0.42530625 0.69512969 0.42530625 0.69512969 0.49206406
9 0.07083281 0.47032969 0.23229219 0.47032969 0.23229219 0.33619688 0.07083281 0.33619688 0.07083281 0.47032969
