4 0.89495625 0.35948125 0.77170625 0.35948125 0.77170625 0.45747187 0.89495625 0.45747187 0.89495625 0.35948125
4 0.29934844 0.38378750 0.19010937 0.38378750 0.19010937 0.50719687 0.29934844 0.50719687 0.29934844 0.38378750
4 0.71430313 0.30045156 0.62326875 0.30045156 0.62326875 0.39038125 0.71430313 0.39038125 0.71430313 0.30045156
4 0.33169375 0.61816094 0.21962344 0.61816094 0.21962344 0.72503750 0.33169375 0.72503750 0.33169375 0.61816094
5 0.93913281 0.57909844 0.81076875 0.57909844 0.81076875 0.75503125 0.93913281 0.75503125 0.93913281 0.57909844
5 0.09029375 0.35687656 0.00087188 0.35687656 0.00087188 0.54271250 0.09029375 0.54271250 0.09029375 0.35687656
5 0.47132656 0.35687812 0.33247031 0.35687812 0.33247031 0.51430000 0.47132656 0.51430000 0.47132656 0.35687812
5 0.00000000 0.78125000 0.14393906 0.78125000 0.14393906 0.61034844 0.00000000 0.61034844 0.00000000 0.78125000
5 0.57940313 0.35514062 0.43924219 0.35514062 0.43924219 0.47246875 0.57940313 0.47246875 0.57940313 0.35514062
3 0.84683594 0.54437656 0.65017969 0.54437656 0.65017969 0.73135312 0.84683594 0.73135312 0.84683594 0.54437656
3 0.24886094 0.46972500 0.05729531 0.46972500 0.05729531 0.67610313 0.24886094 0.67610313 0.24886094 0.46972500
