4 0.55642812 0.33355313 0.68353438 0.33355313 0.68353438 0.24142500 0.55642812 0.24142500 0.55642812 0.33355313
4 0.02517813 0.71477813 0.16129531 0.71477813 0.16129531 0.58604375 0.02517813 0.58604375 0.02517813 0.71477813
4 0.46180937 0.52455938 0.58965937 0.52455938 0.58965937 0.44194531 0.46180937 0.44194531 0.46180937 0.52455938
4 0.32552500 0.64058437 0.44529219 0.64058437 0.44529219 0.55652969 0.32552500 0.55652969 0.32552500 0.64058437
5 0.83767813 0.78124844 0.99999844 0.78124844 0.99999844 0.56781406 0.83767813 0.56781406 0.83767813 0.78124844
4 0.07295625 0.45515156 0.17790937 0.45515156 0.17790937 0.37081719 0.07295625 0.37081719 0.07295625 0.45515156
4 0.19101250 0.36517188 0.29150938 0.36517188 0.29150938 0.27967188 0.19101250 0.27967188 0.19101250 0.36517188
4 0.21358125 0.29019063 0.30807500 0.29019063 0.30807500 0.22238125 0.21358125 0.22238125 0.21358125 0.29019063
5 0.77000313 0.41016094 0.95811562 0.41016094 0.95811562 0.31620313 0.77000313 0.31620313 0.77000313 0.41016094
3 0.59726250 0.49461562 0.80901875 0.49461562 0.80901875 0.37365469 0.59726250 0.37365469 0.59726250 0.49461562
3 0.19448594 0.44094375 0.39958750 0.44094375 0.39958750 0.34304062 0.19448594 0.34304062 0.19448594 0.44094375
3 0.13892969 0.63195000 0.30571094 0.63195000 0.30571094 0.49376250 0.13892969 0.49376250 0.13892969 0.63195000
3 0.68163594 0.30834531 0.88475000 0.30834531 0.88475000 0.22324844 0.68163594 0.22324844 0.68163594 0.30834531
3 0.32729531 0.38490469 0.56525156 0.38490469 0.56525156 0.25363125 0.32729531 0.25363125 0.32729531 0.38490469
5 0.39674062 0.44883750 0.54710781 0.44883750 0.54710781 0.36213594 0.39674062 0.36213594 0.39674062 0.44883750
5 0.28736562 0.62010937 0.43902969 0.62010937 0.43902969 0.46196406 0.28736562 0.46196406 0.28736562 0.62010937
