10 0.28043281 0.30047656 0.07598438 0.30047656 0.07598438 0.45833125 0.28043281 0.45833125 0.28043281 0.30047656
10 0.36923281 0.34307344 0.23088594 0.34307344 0.23088594 0.48982656 0.36923281 0.48982656 0.36923281 0.34307344
10 0.56086094 0.29566719 0.36442500 0.29566719 0.36442500 0.42630000 0.56086094 0.42630000 0.56086094 0.29566719
10 0.77719219 0.25961250 0.60840156 0.25961250 0.60840156 0.35658594 0.77719219 0.35658594 0.77719219 0.25961250
10 0.43760469 0.50332031 0.35654687 0.50332031 0.35654687 0.63378438 0.43760469 0.63378438 0.43760469 0.50332031
10 0.60960156 0.57275937 0.49409063 0.57275937 0.49409063 0.72613750 0.60960156 0.72613750 0.60960156 0.57275937
9 0.34987187 0.78125000 0.44348125 0.78125000 0.44348125 0.61415625 0.34987187 0.61415625 0.34987187 0.78125000
9 0.30566875 0.48262344 0.20164375 0.48262344 0.20164375 0.67008437 0.30566875 0.67008437 0.30566875 0.48262344
11 0.26614375 0.66890937 0.18762187 0.66890937 0.18762187 0.74535625 0.26614375 0.74535625 0.26614375 0.66890937
11 0.91206875 0.54071094 0.80483750 0.54071094 0.80483750 0.63333594 0.91206875 0.63333594 0.91206875 0.54071094
11 0.99352500 0.45991875 0.90632344 0.45991875 0.90632344 0.53244063 0.99352500 0.53244063 0.99352500 0.45991875
9 0.80376719 0.43054375 0.56286250 0.43054375 0.56286250 0.58468125 0.80376719 0.58468125 0.80376719 0.43054375
9 0.92982969 0.33706563 0.75515938 0.33706563 0.75515938 0.48218437 0.92982969 0.48218437 0.92982969 0.33706563
