7 0.41607813 0.35223594 0.27515156 0.35223594 0.27515156 0.43885312 0.41607813 0.43885312 0.41607813 0.35223594
6 0.68880625 0.33978125 0.40742813 0.33978125 0.40742813 0.44962031 0.68880625 0.44962031 0.68880625 0.33978125
6 0.29470313 0.23862813 0.11032344 0.23862813 0.11032344 0.42429375 0.29470313 0.42429375 0.29470313 0.23862813
6 0.11643906 0.25610781 0.00109219 0.25610781 0.00109219 0.52560000 0.11643906 0.52560000 0.11643906 0.25610781
6 0.45330469 0.52918125 0.24576875 0.52918125 0.24576875 0.71015156 0.45330469 0.71015156 0.45330469 0.52918125
6 0.32703594 0.46998438 0.13216719 0.46998438 0.13216719 0.66997969 0.32703594 0.66997969 0.32703594 0.46998438
7 0.12452188 0.62639687 0.00808125 0.62639687 0.00808125 0.73023750 0.12452188 0.73023750 0.12452188 0.62639687
7 0.52539687 0.47565938 0.42053438 0.47565938 0.42053438 0.57565938 0.52539687 0.57565938 0.52539687 0.47565938
8 0.14527656 0.78125000 0.24358281 0.78125000 0.24358281 0.67795625 0.14527656 0.67795625 0.14527656 0.78125000
6 0.71065156 0.43851875 0.52212031 0.43851875 0.52212031 0.53897969 0.71065156 0.53897969 0.71065156 0.43851875
6 0.97192969 0.47065625 0.70890312 0.47065625 0.70890312 0.59400000 0.97192969 0.59400000 0.97192969 0.47065625
7 0.72834687 0.50908281 0.60229375 0.50908281 0.60229375 0.60447969 0.72834687 0.60447969 0.72834687 0.50908281
8 0.79092031 0.32247188 0.69336562 0.32247188 0.69336562 0.39066719 0.79092031 0.39066719 0.79092031 0.32247188
6 0.94286406 0.27252031 0.73418906 0.27252031 0.73418906 0.44537031 0.94286406 0.44537031 0.94286406 0.27252031
6 0.87527813 0.32493750 0.87527813 0.21875000 0.63761875 0.21875000 0.63761875 0.32493750 0.87527813 0.32493750
