7 0.16856719 0.37789219 0.05235000 0.37789219 0.05235000 0.49918125 0.16856719 0.49918125 0.16856719 0.37789219
7 0.30781563 0.40605313 0.17733437 0.40605313 0.17733437 0.51531094 0.30781563 0.51531094 0.30781563 0.40605313
7 0.79244375 0.21887969 0.66497187 0.21887969 0.66497187 0.32869844 0.79244375 0.32869844 0.79244375 0.21887969
7 0.97069375 0.21875000 0.82908750 0.21875000 0.82908750 0.28140781 0.97069375 0.28140781 0.97069375 0.21875000
7 0.47062344 0.21875156 0.36055781 0.21875156 0.36055781 0.30133125 0.47062344 0.30133125 0.47062344 0.21875156
6 0.36971875 0.50549531 0.16490156 0.50549531 0.16490156 0.60515156 0.36971875 0.60515156 0.36971875 0.50549531
8 0.46054531 0.59513906 0.38437656 0.59513906 0.38437656 0.66633438 0.46054531 0.66633438 0.46054531 0.59513906
6 0.27313594 0.59814688 0.07158906 0.59814688 0.07158906 0.77974375 0.27313594 0.77974375 0.27313594 0.59814688
6 0.71417969 0.29761719 0.46852813 0.29761719 0.46852813 0.46492500 0.71417969 0.46492500 0.71417969 0.29761719
6 0.75763125 0.31540469 0.73093281 0.34470312 0.68643437 0.39492969 0.67125313 0.42056562 0.68224687 0.44777188 0.71156250 0.45561875 0.74925469 0.44149375 0.81259844 0.40487031 0.87541719 0.36249219 0.90630312 0.32063750 0.93038438 0.28244375 0.88902812 0.26308594 0.86023594 0.24425156 0.84217500 0.23327656 0.81102812 0.25837813 0.78485312 0.28715313 0.75763125 0.31540469
6 0.39366875 0.44777188 0.42874375 0.42318125 0.46591250 0.38969687 0.49941562 0.35673594 0.52297344 0.32691562 0.53658438 0.29447813 0.50883906 0.27093438 0.47376406 0.27145781 0.43607344 0.28976875 0.40361563 0.30598750 0.37272969 0.32586875 0.32927969 0.34993594 0.30153438 0.37086250 0.28687656 0.38812812 0.28334219 0.39687031 0.29891719 0.43364531 0.33346719 0.45771250 0.39366875 0.44777188
8 0.66827812 0.44459219 0.59012813 0.44459219 0.59012813 0.52667812 0.66827812 0.52667812 0.66827812 0.44459219
8 0.49522969 0.49084688 0.40383906 0.49084688 0.40383906 0.57067500 0.49522969 0.57067500 0.49522969 0.49084688
