7 0.22843281 0.27541406 0.13273438 0.27541406 0.13273438 0.39803906 0.22843281 0.39803906 0.22843281 0.27541406
8 0.35096719 0.34106563 0.24983437 0.34106563 0.24983437 0.42391406 0.35096719 0.42391406 0.35096719 0.34106563
7 0.00000000 0.55118281 0.00000000 0.65445781 0.08438750 0.65445781 0.08438750 0.55118281 0.00000000 0.55118281
6 0.25349531 0.39790625 0.05433750 0.39790625 0.05433750 0.60525000 0.25349531 0.60525000 0.25349531 0.39790625
7 0.64185938 0.36647812 0.53157813 0.36647812 0.53157813 0.47545469 0.64185938 0.47545469 0.64185938 0.36647812
6 0.55174219 0.24187656 0.35389375 0.24187656 0.35389375 0.45027031 0.55174219 0.45027031 0.55174219 0.24187656
6 0.70119844 0.22335781 0.54359375 0.22335781 0.54359375 0.43679375 0.70119844 0.43679375 0.70119844 0.22335781
8 0.74531094 0.44392344 0.65387656 0.44392344 0.65387656 0.54377969 0.74531094 0.54377969 0.74531094 0.44392344
7 0.93832812 0.36704687 0.83939531 0.36704687 0.83939531 0.50106250 0.93832812 0.50106250 0.93832812 0.36704687
6 0.94504531 0.48820781 0.82915781 0.48820781 0.82915781 0.74509844 0.94504531 0.74509844 0.94504531 0.48820781
