10 0.33017031 0.39446719 0.33617656 0.41847656 0.32716719 0.45449063 0.32596562 0.47970000 0.34638594 0.49110469 0.37161094 0.49350469 0.38722500 0.46469375 0.39743594 0.44428594 0.41064844 0.42868125 0.44307969 0.42868125 0.45749375 0.41367500 0.47010625 0.41127344 0.46890469 0.38726406 0.45088750 0.37225938 0.43647344 0.35605312 0.41725469 0.34765000 0.39983750 0.33144375 0.38182031 0.31883906 0.36860781 0.30923594 0.35059062 0.29422969 0.33197187 0.28162500 0.31335469 0.27622188 0.30794844 0.27742344 0.29728906 0.29021875 0.29473594 0.30863438 0.30314375 0.34524844 0.31575625 0.36505625 0.32416406 0.38186250 0.33017031 0.39446719
9 0.12477031 0.65976875 0.27927031 0.65976875 0.27927031 0.53195469 0.12477031 0.53195469 0.12477031 0.65976875
11 0.24924063 0.63489062 0.30554531 0.63489062 0.30554531 0.55297344 0.24924063 0.55297344 0.24924063 0.63489062
10 0.20945156 0.51784688 0.33482344 0.51784688 0.33482344 0.38255937 0.20945156 0.38255937 0.20945156 0.51784688
9 0.31635781 0.78041563 0.52175625 0.78041563 0.52175625 0.61747031 0.31635781 0.61747031 0.31635781 0.78041563
11 0.52701094 0.77290781 0.57881094 0.77290781 0.57881094 0.68289531 0.52701094 0.68289531 0.52701094 0.77290781
9 0.52596094 0.56045000 0.53076563 0.57725625 0.53737188 0.59526250 0.54637969 0.62227344 0.54878281 0.64568125 0.55118437 0.66668906 0.56860156 0.67869375 0.59262500 0.67929375 0.60103281 0.65348438 0.61184375 0.62767500 0.61124375 0.60126406 0.60763906 0.57665469 0.60523750 0.54424375 0.59682969 0.51423125 0.59262500 0.49022188 0.58121406 0.46501250 0.57340625 0.44520625 0.53917344 0.45360937 0.49923438 0.46210625 0.49833281 0.47881875 0.50013594 0.49562500 0.50494062 0.52563594 0.51875313 0.54304219 0.52596094 0.56045000
10 0.47220937 0.45120625 0.56499844 0.45120625 0.56499844 0.33297969 0.47220937 0.33297969 0.47220937 0.45120625
10 0.54878281 0.49382344 0.67310313 0.49382344 0.67310313 0.31796719 0.54878281 0.31796719 0.54878281 0.49382344
10 0.66889844 0.42899844 0.83105469 0.42899844 0.83105469 0.33373125 0.66889844 0.33373125 0.66889844 0.42899844
11 0.91333594 0.43590781 0.99021094 0.43590781 0.99021094 0.36754531 0.91333594 0.36754531 0.91333594 0.43590781
9 0.81183750 0.59556562 0.96318437 0.59556562 0.96318437 0.43586094 0.81183750 0.43586094 0.81183750 0.59556562
10 0.68466406 0.65109375 0.84081562 0.65109375 0.84081562 0.50342656 0.68466406 0.50342656 0.68466406 0.65109375
11 0.05895938 0.71570469 0.15765937 0.71570469 0.15765937 0.66233125 0.05895938 0.66233125 0.05895938 0.71570469
