4 0.28120625 0.35080000 0.15538750 0.35080000 0.15538750 0.47088750 0.28120625 0.47088750 0.28120625 0.35080000
4 0.28514844 0.48534844 0.18316406 0.48534844 0.18316406 0.57744219 0.28514844 0.57744219 0.28514844 0.48534844
4 0.57230313 0.41764063 0.44010781 0.41764063 0.44010781 0.50482812 0.57230313 0.50482812 0.57230313 0.41764063
4 0.61545625 0.43379375 0.52417969 0.43379375 0.52417969 0.54437812 0.61545625 0.54437812 0.61545625 0.43379375
4 0.78451250 0.68152813 0.70139375 0.68152813 0.70139375 0.77634063 0.78451250 0.77634063 0.78451250 0.68152813
4 0.93755625 0.65809219 0.82986563 0.65809219 0.82986563 0.74792812 0.93755625 0.74792812 0.93755625 0.65809219
3 0.45160312 0.24457656 0.25694844 0.24457656 0.25694844 0.39906406 0.45160312 0.39906406 0.45160312 0.24457656
3 0.46659375 0.36785313 0.27083906 0.36785313 0.27083906 0.53561094 0.46659375 0.53561094 0.46659375 0.36785313
3 0.46738281 0.47516719 0.29080469 0.47516719 0.29080469 0.62401094 0.46738281 0.62401094 0.46738281 0.47516719
3 0.55337031 0.50705000 0.40537969 0.50705000 0.40537969 0.71319844 0.55337031 0.71319844 0.55337031 0.50705000
3 0.92651094 0.46017500 0.75608125 0.46017500 0.75608125 0.66426250 0.92651094 0.66426250 0.92651094 0.46017500
3 0.80108125 0.46364687 0.69445000 0.46364687 0.69445000 0.66899844 0.80108125 0.66899844 0.80108125 0.46364687
4 0.87413594 0.78125000 0.99999844 0.78125000 0.99999844 0.56694687 0.87413594 0.56694687 0.87413594 0.78125000
4 0.84367969 0.33778125 0.71007500 0.33778125 0.71007500 0.46536406 0.84367969 0.46536406 0.84367969 0.33778125
5 0.82080156 0.25531406 0.72570000 0.25531406 0.72570000 0.45510313 0.82080156 0.45510313 0.82080156 0.25531406
5 0.33169531 0.58951562 0.12934688 0.58951562 0.12934688 0.73214062 0.33169531 0.73214062 0.33169531 0.58951562
5 0.25781562 0.78125000 0.41689219 0.78125000 0.41689219 0.63118281 0.25781562 0.63118281 0.25781562 0.78125000
