7 0.18293750 0.23670000 0.08175469 0.23670000 0.08175469 0.36507656 0.18293750 0.36507656 0.18293750 0.23670000
6 0.19572344 0.34550469 0.07868281 0.34550469 0.07868281 0.59751250 0.19572344 0.59751250 0.19572344 0.34550469
8 0.16671094 0.61044219 0.10880469 0.61044219 0.10880469 0.71595781 0.16671094 0.71595781 0.16671094 0.61044219
6 0.10609844 0.50920625 0.00614531 0.50920625 0.00614531 0.67174062 0.10609844 0.67174062 0.10609844 0.50920625
6 0.00000000 0.25199688 0.00000000 0.49917969 0.09183906 0.49917969 0.09183906 0.25199688 0.00000000 0.25199688
6 0.30440312 0.26313125 0.16474219 0.26313125 0.16474219 0.43290000 0.30440312 0.43290000 0.30440312 0.26313125
7 0.39833125 0.37008594 0.29788750 0.37008594 0.29788750 0.47172656 0.39833125 0.47172656 0.39833125 0.37008594
7 0.42144531 0.25637031 0.28891406 0.25637031 0.28891406 0.34919687 0.42144531 0.34919687 0.42144531 0.25637031
6 0.67409063 0.27235156 0.41984688 0.27235156 0.41984688 0.40461719 0.67409063 0.40461719 0.67409063 0.27235156
6 0.85579844 0.21892656 0.65527969 0.21892656 0.65527969 0.33345469 0.85579844 0.33345469 0.85579844 0.21892656
6 0.92882813 0.26989531 0.73433281 0.26989531 0.73433281 0.44993281 0.92882813 0.44993281 0.92882813 0.26989531
7 1.00000000 0.33374687 1.00000000 0.22933125 0.90792656 0.22933125 0.90792656 0.33374687 1.00000000 0.33374687
7 0.54401875 0.41435000 0.41615937 0.41435000 0.41615937 0.50283281 0.54401875 0.50283281 0.54401875 0.41435000
6 0.69794062 0.42787344 0.53418281 0.42787344 0.53418281 0.53576094 0.69794062 0.53576094 0.69794062 0.42787344
6 0.94198125 0.47043750 0.70642500 0.47043750 0.70642500 0.59131719 0.94198125 0.59131719 0.94198125 0.47043750
7 0.71429219 0.51147500 0.59921875 0.51147500 0.59921875 0.60212813 0.71429219 0.60212813 0.71429219 0.51147500
