11 0.23512812 0.39263750 0.14326719 0.39263750 0.14326719 0.44067500 0.23512812 0.44067500 0.23512812 0.39263750
9 0.47655469 0.32104844 0.25893437 0.32104844 0.25893437 0.44341562 0.47655469 0.44341562 0.47655469 0.32104844
9 0.25798750 0.43619531 0.18889844 0.43619531 0.18889844 0.59986250 0.25798750 0.59986250 0.25798750 0.43619531
9 0.25419063 0.35206250 0.18587813 0.35206250 0.18587813 0.40591719 0.25419063 0.40591719 0.25419063 0.35206250
9 0.47940000 0.62226563 0.26997500 0.62226563 0.26997500 0.72169844 0.47940000 0.72169844 0.47940000 0.62226563
10 0.83752813 0.61819219 0.72496563 0.61819219 0.72496563 0.74440156 0.83752813 0.74440156 0.83752813 0.61819219
9 0.72367344 0.65544062 0.74713438 0.64440625 0.77197500 0.63475156 0.77404531 0.61233906 0.75058438 0.60096094 0.72539844 0.58716719 0.68365156 0.59613281 0.62844844 0.61165000 0.58911563 0.63164844 0.56979531 0.64199375 0.56876094 0.66268125 0.57428125 0.68406094 0.58842656 0.68406094 0.63879844 0.67061250 0.67709531 0.66475156 0.72367344 0.65544062
9 0.79923281 0.50576094 0.51019375 0.50576094 0.51019375 0.58943750 0.79923281 0.58943750 0.79923281 0.50576094
11 0.85779688 0.50865000 0.79362500 0.50865000 0.79362500 0.55378750 0.85779688 0.55378750 0.85779688 0.50865000
9 0.94586250 0.56212656 0.84442812 0.56212656 0.84442812 0.74009219 0.94586250 0.74009219 0.94586250 0.56212656
10 0.68227031 0.37858281 0.56013594 0.37858281 0.56013594 0.51506250 0.68227031 0.51506250 0.68227031 0.37858281
9 0.41445156 0.55858125 0.42963281 0.54375469 0.43825781 0.55168438 0.46516875 0.54961563 0.48242031 0.53409844 0.50588125 0.51203125 0.52278750 0.48479063 0.50588125 0.46030938 0.47137969 0.44444844 0.45688906 0.44065469 0.43791250 0.45237812 0.41479688 0.47479062 0.39202500 0.49168750 0.36683906 0.51272031 0.34648281 0.52340938 0.32095156 0.53651250 0.29404062 0.54547813 0.29335156 0.56685625 0.30991094 0.57823594 0.31991719 0.58375156 0.34682812 0.58444219 0.38685000 0.57513125 0.41445156 0.55858125
9 0.61999531 0.36555938 0.64345625 0.38004219 0.67278281 0.40417812 0.70348906 0.42486719 0.73557656 0.44383281 0.77042344 0.44969375 0.79595469 0.43521250 0.78801875 0.41831562 0.78525781 0.39624844 0.80216406 0.36866250 0.79008906 0.35659375 0.76283281 0.35418125 0.74006094 0.34693906 0.71729062 0.32969844 0.68692813 0.31797500 0.66070781 0.31038906 0.63034531 0.30211406 0.59791406 0.29142500 0.57065781 0.28349375 0.55030156 0.29383906 0.53995156 0.31199063 0.55547656 0.32832031 0.58445938 0.34521562 0.61999531 0.36555938
