4 0.04427656 0.77397344 0.20231719 0.77397344 0.20231719 0.65288594 0.04427656 0.65288594 0.04427656 0.77397344
4 0.21386406 0.56007812 0.30723906 0.56007812 0.30723906 0.44368281 0.21386406 0.44368281 0.21386406 0.56007812
4 0.07118437 0.55297500 0.15261719 0.55297500 0.15261719 0.45496719 0.07118437 0.45496719 0.07118437 0.55297500
4 0.33160156 0.44563281 0.41058125 0.44563281 0.41058125 0.35166875 0.33160156 0.35166875 0.33160156 0.44563281
4 0.02691562 0.35644219 0.11790781 0.35644219 0.11790781 0.27962031 0.02691562 0.27962031 0.02691562 0.35644219
5 0.55903281 0.37854219 0.73954531 0.37854219 0.73954531 0.23219063 0.55903281 0.23219063 0.55903281 0.37854219
5 0.74566406 0.46457344 0.90521094 0.46457344 0.90521094 0.28222344 0.74566406 0.28222344 0.74566406 0.46457344
3 0.39930937 0.42668906 0.59991406 0.42668906 0.59991406 0.25672813 0.39930937 0.25672813 0.39930937 0.42668906
3 0.12943906 0.64690000 0.26937344 0.64690000 0.26937344 0.52047500 0.12943906 0.52047500 0.12943906 0.64690000
3 0.23109062 0.43142500 0.37666094 0.43142500 0.37666094 0.24316250 0.23109062 0.24316250 0.23109062 0.43142500
3 0.13368438 0.46773281 0.27095000 0.46773281 0.27095000 0.27471406 0.13368438 0.27471406 0.13368438 0.46773281
3 0.12066562 0.21875000 0.12066562 0.32171406 0.28909531 0.32171406 0.28909531 0.21875000 0.12066562 0.21875000
3 0.58594219 0.37065156 0.78687969 0.37065156 0.78687969 0.22493281 0.58594219 0.22493281 0.58594219 0.37065156
4 0.26621562 0.69107812 0.19878906 0.69107812 0.19878906 0.78125000 0.26621562 0.78125000 0.26621562 0.69107812
3 0.23939375 0.67718906 0.37214844 0.67718906 0.37214844 0.48272813 0.23939375 0.48272813 0.23939375 0.67718906
