9 0.83748281 0.61275156 0.67927656 0.61275156 0.67927656 0.75288438 0.83748281 0.75288438 0.83748281 0.61275156
10 0.93730156 0.46155469 0.70920781 0.46155469 0.70920781 0.60680937 0.93730156 0.60680937 0.93730156 0.46155469
10 0.94561719 0.34537344 0.80587188 0.34537344 0.80587188 0.42597969 0.94561719 0.42597969 0.94561719 0.34537344
9 0.82859844 0.32710937 0.59185469 0.32710937 0.59185469 0.42652031 0.82859844 0.42652031 0.82859844 0.32710937
10 0.56493437 0.31241094 0.43506563 0.31241094 0.43506563 0.39163594 0.56493437 0.39163594 0.56493437 0.31241094
11 0.26312031 0.35890156 0.18871719 0.35890156 0.18871719 0.40543125 0.26312031 0.40543125 0.26312031 0.35890156
9 0.46063437 0.29802500 0.25446406 0.29802500 0.25446406 0.38704219 0.46063437 0.38704219 0.46063437 0.29802500
10 0.55276094 0.43953438 0.46370781 0.43953438 0.46370781 0.54155938 0.55276094 0.54155938 0.55276094 0.43953438
9 0.56677813 0.39379687 0.31961719 0.39379687 0.31961719 0.48989531 0.56677813 0.48989531 0.56677813 0.39379687
11 0.32165937 0.44241094 0.25396094 0.44241094 0.25396094 0.49327656 0.32165937 0.49327656 0.32165937 0.44241094
11 0.22778906 0.54655625 0.13878906 0.54655625 0.13878906 0.62076094 0.22778906 0.62076094 0.22778906 0.54655625
10 0.08591719 0.64674375 0.10001563 0.66347656 0.12512969 0.68197031 0.14319531 0.68725469 0.17712188 0.69165781 0.20047344 0.68901563 0.21280938 0.69033750 0.23043438 0.71147344 0.25687031 0.72380312 0.26700313 0.71103281 0.27185000 0.69517969 0.25422656 0.67316406 0.26964688 0.66964062 0.27361250 0.65422969 0.26303750 0.64366094 0.24849844 0.64410156 0.23527969 0.64718281 0.21853750 0.64190000 0.19782969 0.62957031 0.18240781 0.62780938 0.16390312 0.62428594 0.16522500 0.63925781 0.15597188 0.62868906 0.14672031 0.61503906 0.13129844 0.59478281 0.12072500 0.58289375 0.10750625 0.57144531 0.09032344 0.56263750 0.07402031 0.56440000 0.06785156 0.57408750 0.06961406 0.60006719 0.07402031 0.62692812 0.08591719 0.64674375
10 0.55680938 0.56142656 0.39488750 0.56142656 0.39488750 0.75443281 0.55680938 0.75443281 0.55680938 0.56142656
9 0.41669687 0.56583281 0.22085000 0.56583281 0.22085000 0.67383906 0.41669687 0.67383906 0.41669687 0.56583281
9 0.64437813 0.48801562 0.55020000 0.48801562 0.55020000 0.67543281 0.64437813 0.67543281 0.64437813 0.48801562
11 0.62598281 0.42153437 0.56121562 0.42153437 0.56121562 0.49281406 0.62598281 0.49281406 0.62598281 0.42153437
