7 0.04208125 0.49591875 0.15934687 0.49591875 0.15934687 0.39287187 0.04208125 0.39287187 0.04208125 0.49591875
7 0.18915781 0.51505781 0.29777969 0.51505781 0.29777969 0.39810469 0.18915781 0.39810469 0.18915781 0.51505781
8 0.54039687 0.39465156 0.60654531 0.39465156 0.60654531 0.32363594 0.54039687 0.32363594 0.54039687 0.39465156
8 0.37366719 0.46257031 0.44570625 0.46257031 0.44570625 0.39272656 0.37366719 0.39272656 0.37366719 0.46257031
6 0.39201719 0.41774375 0.42056094 0.39012344 0.44910312 0.35616250 0.47356875 0.30816562 0.49441094 0.27284844 0.49758125 0.25337813 0.45680625 0.23119062 0.42282500 0.23073750 0.39247031 0.25564219 0.35849063 0.28235625 0.32133906 0.31722187 0.29777969 0.34801250 0.27648438 0.37608594 0.25881562 0.38740625 0.27467188 0.41412188 0.30955937 0.45487344 0.33311875 0.46211875 0.36075469 0.43993125 0.39201719 0.41774375
6 0.59476562 0.31571094 0.63237031 0.28175156 0.66045938 0.25458437 0.66952188 0.23103750 0.66408438 0.22288750 0.63237031 0.21926563 0.58751562 0.22243438 0.55489531 0.21875000 0.52046250 0.22560469 0.50052656 0.23556563 0.48829375 0.26816719 0.47379531 0.29895781 0.45567344 0.33337031 0.42939531 0.37095312 0.45703281 0.39585781 0.48557656 0.39404531 0.53133594 0.36189688 0.55897344 0.34061562 0.59476562 0.31571094
6 0.76013438 0.28967031 0.81087813 0.26114375 0.83806250 0.24257969 0.83896875 0.22944844 0.81903437 0.21875000 0.78686563 0.21875000 0.75605781 0.22039219 0.72162344 0.22356250 0.69851875 0.22129844 0.67314531 0.23488281 0.63825937 0.26567188 0.62466719 0.28152031 0.61515312 0.29827344 0.60881094 0.30868906 0.61651250 0.32861094 0.64007188 0.33993125 0.68084844 0.32498906 0.72570156 0.30506563 0.76013438 0.28967031
8 0.38805156 0.66130312 0.45703125 0.66130312 0.45703125 0.59717500 0.38805156 0.59717500 0.38805156 0.66130312
6 0.21362187 0.57395156 0.23627500 0.58210156 0.26255312 0.59160937 0.29789219 0.60202500 0.34048125 0.62557031 0.36313438 0.61832500 0.38352188 0.60021406 0.38986562 0.57938437 0.36268125 0.56670625 0.33957500 0.54632969 0.31601563 0.52595469 0.29200156 0.50920000 0.27342656 0.49108906 0.26074063 0.49561719 0.24352500 0.50512500 0.21996406 0.51146406 0.19685781 0.51101250 0.19867031 0.48339063 0.20954375 0.45667500 0.20501250 0.44852500 0.19278125 0.44082813 0.17329844 0.43720625 0.16106562 0.45667500 0.13569375 0.48701250 0.12028906 0.50512500 0.13070937 0.51689844 0.14883281 0.53319844 0.16786094 0.54451875 0.19051563 0.56217812 0.21362187 0.57395156
6 0.06818594 0.78025156 0.27580313 0.78025156 0.27580313 0.59321250 0.06818594 0.59321250 0.06818594 0.78025156
