10 0.39356563 0.35393750 0.58788281 0.35393750 0.58788281 0.26562031 0.39356563 0.26562031 0.39356563 0.35393750
9 0.20890156 0.45445625 0.20447656 0.46732344 0.22781094 0.47094219 0.25436250 0.45686875 0.27930625 0.44360000 0.30988281 0.41505313 0.32597500 0.39052656 0.34407969 0.35192656 0.35333281 0.31574062 0.36178125 0.29161562 0.36339062 0.26186250 0.34005625 0.25181094 0.31269844 0.25301563 0.30183594 0.26347031 0.29660625 0.29684219 0.28654844 0.34951406 0.26281250 0.39052656 0.23344375 0.42510469 0.20890156 0.45445625
9 0.25285469 0.41440469 0.27457969 0.37540313 0.28544219 0.33760781 0.27538438 0.32474063 0.25164687 0.32996875 0.23193437 0.33921563 0.20457656 0.36253594 0.18325469 0.39229063 0.16233438 0.42847656 0.14945938 0.45179687 0.13618281 0.47471562 0.12874062 0.49292656 0.14825313 0.50245938 0.17480625 0.49200469 0.20900156 0.46265312 0.23112969 0.44094219 0.25285469 0.41440469
9 0.32859063 0.55502969 0.36238437 0.55864844 0.39980000 0.55020469 0.45089375 0.52567812 0.47945781 0.50396719 0.45049219 0.47742969 0.43077812 0.45812969 0.41066250 0.45089219 0.37002813 0.46295469 0.33824531 0.47501719 0.28514063 0.48667812 0.25054063 0.49351250 0.22841406 0.49512031 0.20417500 0.50047031 0.20749375 0.52125625 0.23404687 0.53814375 0.27065781 0.55623594 0.31249688 0.54980313 0.32859063 0.55502969
10 0.43932813 0.49110000 0.55569844 0.49110000 0.55569844 0.40391562 0.43932813 0.40391562 0.43932813 0.49110000
9 0.59321250 0.42956094 0.79155312 0.42956094 0.79155312 0.22165156 0.59321250 0.22165156 0.59321250 0.42956094
9 0.85552031 0.60802656 0.99291094 0.60802656 0.99291094 0.46567187 0.85552031 0.46567187 0.85552031 0.60802656
9 0.55620000 0.61096250 0.58516719 0.58965313 0.63384687 0.55668281 0.66402031 0.52371250 0.68212344 0.48792812 0.70062969 0.46018437 0.70304375 0.43686406 0.67850312 0.41756406 0.64993906 0.42640937 0.62620156 0.44048281 0.58556875 0.46380312 0.56022344 0.48672188 0.52642813 0.51607344 0.49705937 0.53858906 0.46869688 0.57037344 0.47171406 0.58322031 0.49705937 0.60774688 0.51596875 0.62865469 0.53085312 0.62382969 0.55620000 0.61096250
10 0.73673906 0.76370469 0.82806406 0.76370469 0.82806406 0.62217031 0.73673906 0.62217031 0.73673906 0.76370469
9 0.57581094 0.70097813 0.75926719 0.70097813 0.75926719 0.60378281 0.57581094 0.60378281 0.57581094 0.70097813
11 0.47070781 0.73277500 0.55318281 0.73277500 0.55318281 0.66893906 0.47070781 0.66893906 0.47070781 0.73277500
9 0.22982188 0.75931094 0.39456875 0.75931094 0.39456875 0.59741719 0.22982188 0.59741719 0.22982188 0.75931094
10 0.39859375 0.66869531 0.50208906 0.66869531 0.50208906 0.57389375 0.39859375 0.57389375 0.39859375 0.66869531
11 0.68602812 0.43086250 0.76688750 0.43086250 0.76688750 0.37566250 0.68602812 0.37566250 0.68602812 0.43086250
