4 0.31250000 0.56406250 0.20312500 0.56406250 0.20312500 0.68951094 0.31250000 0.68951094 0.31250000 0.56406250
4 0.38854219 0.60833125 0.30598906 0.60833125 0.30598906 0.71555781 0.38854219 0.71555781 0.38854219 0.60833125
4 0.56354219 0.64349062 0.45572969 0.64349062 0.45572969 0.75307188 0.56354219 0.75307188 0.56354219 0.64349062
4 0.70625000 0.65390625 0.58854219 0.65390625 0.58854219 0.76348906 0.70625000 0.76348906 0.70625000 0.65390625
4 0.93958281 0.42473906 0.82812500 0.42473906 0.82812500 0.53737969 0.93958281 0.53737969 0.93958281 0.42473906
4 0.61562500 0.27369844 0.50130156 0.27369844 0.50130156 0.37170625 0.61562500 0.37170625 0.61562500 0.27369844
4 0.88229219 0.55364531 0.76432344 0.55364531 0.76432344 0.67075469 0.88229219 0.67075469 0.88229219 0.55364531
3 0.19895781 0.46770937 0.04817656 0.46770937 0.04817656 0.65095625 0.19895781 0.65095625 0.19895781 0.46770937
3 0.93333281 0.23984531 0.80208281 0.23984531 0.80208281 0.42276406 0.93333281 0.42276406 0.93333281 0.23984531
3 0.65729219 0.46276094 0.49713594 0.46276094 0.49713594 0.63532813 0.65729219 0.63532813 0.65729219 0.46276094
3 0.55208281 0.42864375 0.35156250 0.42864375 0.35156250 0.60927813 0.55208281 0.60927813 0.55208281 0.42864375
3 0.70703125 0.78125000 0.84687500 0.78125000 0.84687500 0.60703125 0.70703125 0.60703125 0.70703125 0.78125000
3 0.84791719 0.32578125 0.70963594 0.32578125 0.70963594 0.53425469 0.84791719 0.53425469 0.84791719 0.32578125
5 0.14791719 0.33489687 0.00651094 0.33489687 0.00651094 0.47382187 0.14791719 0.47382187 0.14791719 0.33489687
5 0.62083281 0.34791719 0.53255156 0.34791719 0.53255156 0.44151875 0.62083281 0.44151875 0.62083281 0.34791719
