7 0.47396250 0.66136719 0.57230313 0.66136719 0.57230313 0.53309063 0.47396250 0.53309063 0.47396250 0.66136719
7 0.78993437 0.76233750 0.88470000 0.76233750 0.88470000 0.64072969 0.78993437 0.64072969 0.78993437 0.76233750
7 0.31907188 0.64420469 0.41580312 0.64420469 0.41580312 0.55566562 0.31907188 0.55566562 0.31907188 0.64420469
7 0.00000156 0.58327344 0.08161875 0.58327344 0.08161875 0.50965313 0.00000156 0.50965313 0.00000156 0.58327344
7 0.28733125 0.75208281 0.41294844 0.75208281 0.41294844 0.67545312 0.28733125 0.67545312 0.28733125 0.75208281
7 0.00000156 0.66416875 0.07379062 0.66416875 0.07379062 0.58485156 0.00000156 0.58485156 0.00000156 0.66416875
6 0.49913750 0.53357813 0.59281562 0.53357813 0.59281562 0.33430781 0.49913750 0.33430781 0.49913750 0.53357813
6 0.62674219 0.68897812 0.77425781 0.68897812 0.77425781 0.48708437 0.62674219 0.48708437 0.62674219 0.68897812
6 0.45399844 0.74182969 0.61569375 0.74182969 0.61569375 0.57475937 0.45399844 0.57475937 0.45399844 0.74182969
8 0.62760938 0.74892813 0.75295781 0.74892813 0.75295781 0.64420156 0.62760938 0.64420156 0.62760938 0.74892813
6 0.09115156 0.55329844 0.29698437 0.55329844 0.29698437 0.43146719 0.09115156 0.43146719 0.09115156 0.55329844
8 0.30122188 0.46810625 0.42162812 0.46810625 0.42162812 0.40375312 0.30122188 0.40375312 0.30122188 0.46810625
7 0.08420625 0.67872188 0.29225156 0.67872188 0.29225156 0.57910000 0.08420625 0.57910000 0.08420625 0.67872188
5 0.30816562 0.67398750 0.40979219 0.67398750 0.40979219 0.60947969 0.30816562 0.60947969 0.30816562 0.67398750
8 0.35330312 0.53278906 0.47684844 0.53278906 0.47684844 0.43564375 0.35330312 0.43564375 0.35330312 0.53278906
