7 0.13646875 0.48560469 0.26955156 0.48560469 0.26955156 0.39568750 0.13646875 0.39568750 0.13646875 0.48560469
7 0.13597188 0.57600156 0.27074687 0.57600156 0.27074687 0.47656094 0.13597188 0.47656094 0.13597188 0.57600156
7 0.00109531 0.70070156 0.09562969 0.70070156 0.09562969 0.59638125 0.00109531 0.59638125 0.00109531 0.70070156
6 0.03997656 0.60825625 0.15027812 0.60825625 0.15027812 0.44504531 0.03997656 0.44504531 0.03997656 0.60825625
8 0.14984219 0.34895469 0.22293906 0.34895469 0.22293906 0.28702500 0.14984219 0.28702500 0.14984219 0.34895469
6 0.25241094 0.48485625 0.50511406 0.48485625 0.50511406 0.37822813 0.25241094 0.37822813 0.25241094 0.48485625
6 0.21739531 0.38479219 0.42691094 0.38479219 0.42691094 0.23955156 0.21739531 0.23955156 0.21739531 0.38479219
7 0.42982969 0.37836719 0.50394688 0.37836719 0.50394688 0.27214844 0.42982969 0.27214844 0.42982969 0.37836719
6 0.51941094 0.37122813 0.66239531 0.37122813 0.66239531 0.21939687 0.51941094 0.21939687 0.51941094 0.37122813
7 0.63762969 0.21875000 0.63762969 0.28815625 0.73948906 0.28815625 0.73948906 0.21875000 0.63762969 0.21875000
7 0.64500625 0.39822969 0.75682187 0.39822969 0.75682187 0.28631250 0.64500625 0.28631250 0.64500625 0.39822969
7 0.59013125 0.48483750 0.72422188 0.48483750 0.72422188 0.39657969 0.59013125 0.39657969 0.59013125 0.48483750
7 0.80137031 0.56781250 0.91163906 0.56781250 0.91163906 0.47181250 0.80137031 0.47181250 0.80137031 0.56781250
7 0.91945781 0.39532031 0.91945781 0.50579375 1.00000000 0.50579375 1.00000000 0.39532031 0.91945781 0.39532031
6 0.91198906 0.50975156 0.91198906 0.78124844 1.00000000 0.78124844 1.00000000 0.50975156 0.91198906 0.50975156
6 0.50438906 0.58394844 0.81219844 0.58394844 0.81219844 0.47267500 0.50438906 0.47267500 0.50438906 0.58394844
8 0.42495625 0.56789219 0.49814375 0.56789219 0.49814375 0.50168125 0.42495625 0.50168125 0.42495625 0.56789219
6 0.73243125 0.21875000 0.73243125 0.32163594 0.99483437 0.32163594 0.99483437 0.21875000 0.73243125 0.21875000
6 0.71234844 0.45454375 0.94842187 0.45454375 0.94842187 0.30826875 0.71234844 0.30826875 0.71234844 0.45454375
