7 0.42905625 0.38414063 0.31048594 0.38414063 0.31048594 0.51832344 0.42905625 0.51832344 0.42905625 0.38414063
6 0.36730625 0.46676406 0.19670000 0.46676406 0.19670000 0.63502187 0.36730625 0.63502187 0.36730625 0.46676406
8 0.18553594 0.67041719 0.10103125 0.67041719 0.10103125 0.75149375 0.18553594 0.75149375 0.18553594 0.67041719
7 0.15727188 0.62475625 0.02507656 0.62475625 0.02507656 0.72251875 0.15727188 0.72251875 0.15727188 0.62475625
8 0.15901094 0.51083281 0.05986406 0.51083281 0.05986406 0.62089688 0.15901094 0.62089688 0.15901094 0.51083281
6 0.00000000 0.25948125 0.00000000 0.53725312 0.11306250 0.53725312 0.11306250 0.25948125 0.00000000 0.25948125
6 0.30497656 0.23918906 0.10726250 0.23918906 0.10726250 0.43584688 0.30497656 0.43584688 0.30497656 0.23918906
6 0.63923281 0.23373437 0.45079844 0.23373437 0.45079844 0.40527656 0.63923281 0.40527656 0.63923281 0.23373437
6 0.85854375 0.31835469 0.85854375 0.21875000 0.66097656 0.21875000 0.66097656 0.31835469 0.85854375 0.31835469
7 0.99973906 0.25005781 0.90434844 0.25005781 0.90434844 0.34443125 0.99973906 0.34443125 0.99973906 0.25005781
6 0.92522188 0.26934531 0.67822500 0.26934531 0.67822500 0.43424844 0.92522188 0.43424844 0.92522188 0.26934531
8 0.63937813 0.37979219 0.52863594 0.37979219 0.52863594 0.44873438 0.63937813 0.44873438 0.63937813 0.37979219
6 0.99999844 0.37307813 0.85086094 0.37307813 0.85086094 0.60446406 0.99999844 0.60446406 0.99999844 0.37307813
7 0.94580469 0.58707031 0.85086250 0.58707031 0.85086250 0.69989375 0.94580469 0.69989375 0.94580469 0.58707031
7 0.68271719 0.78125000 0.80737656 0.78125000 0.80737656 0.68708750 0.68271719 0.68708750 0.68271719 0.78125000
6 0.87521406 0.47220469 0.71678125 0.47220469 0.71678125 0.68273750 0.87521406 0.68273750 0.87521406 0.47220469
8 0.92478594 0.38631250 0.85042656 0.38631250 0.85042656 0.46624531 0.92478594 0.46624531 0.92478594 0.38631250
