7 0.62326875 0.36792344 0.74112656 0.36792344 0.74112656 0.28830000 0.62326875 0.28830000 0.62326875 0.36792344
6 0.74566562 0.38764375 0.92808906 0.38764375 0.92808906 0.27441250 0.74566562 0.27441250 0.74566562 0.38764375
6 0.43316406 0.66610313 0.58650313 0.66610313 0.58650313 0.55045469 0.43316406 0.55045469 0.43316406 0.66610313
6 0.48237031 0.47232813 0.63161875 0.47232813 0.63161875 0.31033906 0.48237031 0.31033906 0.48237031 0.47232813
6 0.27691406 0.36476875 0.43188281 0.36476875 0.43188281 0.23100781 0.27691406 0.23100781 0.27691406 0.36476875
6 0.18837188 0.65821406 0.36640312 0.65821406 0.36640312 0.51399531 0.18837188 0.51399531 0.18837188 0.65821406
6 0.21007344 0.50439219 0.42083750 0.50439219 0.42083750 0.37983281 0.21007344 0.37983281 0.21007344 0.50439219
7 0.60504062 0.59510625 0.72771406 0.59510625 0.72771406 0.50010625 0.60504062 0.50010625 0.60504062 0.59510625
7 0.13455469 0.49492500 0.22361719 0.49492500 0.22361719 0.39941250 0.13455469 0.39941250 0.13455469 0.49492500
7 0.43055937 0.55645625 0.52023750 0.55645625 0.52023750 0.45062812 0.43055937 0.45062812 0.43055937 0.55645625
7 0.12895156 0.69107812 0.23959063 0.69107812 0.23959063 0.59983906 0.12895156 0.59983906 0.12895156 0.69107812
