4 0.04167188 0.73766719 0.17707344 0.73766719 0.17707344 0.60340469 0.04167188 0.60340469 0.04167188 0.73766719
4 0.50955312 0.49930469 0.60543594 0.49930469 0.60543594 0.41677344 0.50955312 0.41677344 0.50955312 0.49930469
4 0.34549062 0.76371250 0.42951406 0.76371250 0.42951406 0.64854219 0.34549062 0.64854219 0.34549062 0.76371250
4 0.23229531 0.70236250 0.13455312 0.70236250 0.13455312 0.78125000 0.23229531 0.78125000 0.23229531 0.70236250
4 0.51042031 0.59796406 0.58413594 0.59796406 0.58413594 0.50618281 0.51042031 0.50618281 0.51042031 0.59796406
4 0.53819844 0.32881563 0.64961250 0.32881563 0.64961250 0.22145938 0.53819844 0.22145938 0.53819844 0.32881563
4 0.12934531 0.53561094 0.22598281 0.53561094 0.22598281 0.43413438 0.12934531 0.43413438 0.12934531 0.53561094
4 0.15191562 0.39117188 0.24649531 0.39117188 0.24649531 0.30132344 0.15191562 0.30132344 0.15191562 0.39117188
3 0.61285312 0.43300469 0.79555938 0.43300469 0.79555938 0.27700625 0.61285312 0.27700625 0.61285312 0.43300469
3 0.60701563 0.52094062 0.75873437 0.52094062 0.75873437 0.36591406 0.60701563 0.36591406 0.60701563 0.52094062
3 0.36632344 0.44326250 0.52418125 0.44326250 0.52418125 0.29634688 0.36632344 0.29634688 0.36632344 0.44326250
3 0.14931094 0.63979375 0.31591875 0.63979375 0.31591875 0.50530469 0.14931094 0.50530469 0.14931094 0.63979375
3 0.20486562 0.73766719 0.37981562 0.73766719 0.37981562 0.56662031 0.20486562 0.56662031 0.20486562 0.73766719
3 0.38007031 0.63742500 0.50682500 0.63742500 0.50682500 0.47927187 0.38007031 0.47927187 0.38007031 0.63742500
3 0.24132344 0.48036094 0.41058281 0.48036094 0.41058281 0.30698750 0.24132344 0.30698750 0.24132344 0.48036094
5 0.77951875 0.31934688 0.91152344 0.31934688 0.91152344 0.22927344 0.77951875 0.22927344 0.77951875 0.31934688
5 0.73718125 0.38465625 0.88715781 0.38465625 0.88715781 0.27751563 0.73718125 0.27751563 0.73718125 0.38465625
5 0.39410312 0.34302656 0.50603750 0.34302656 0.50603750 0.23795312 0.39410312 0.23795312 0.39410312 0.34302656
