4 0.24018437 0.41677187 0.13108125 0.41677187 0.13108125 0.54665938 0.24018437 0.54665938 0.24018437 0.41677187
4 0.36640312 0.50444687 0.28212187 0.50444687 0.28212187 0.62479844 0.36640312 0.62479844 0.36640312 0.50444687
4 0.65513594 0.30826562 0.56771406 0.30826562 0.56771406 0.42510938 0.65513594 0.42510938 0.65513594 0.30826562
4 0.70089219 0.62857812 0.64410312 0.62857812 0.64410312 0.71714531 0.70089219 0.71714531 0.70089219 0.62857812
6 0.80660312 0.36989844 0.70747031 0.36989844 0.70747031 0.62637813 0.80660312 0.62637813 0.80660312 0.36989844
5 0.89236563 0.78125000 0.99999844 0.78125000 0.99999844 0.57215469 0.89236563 0.57215469 0.89236563 0.78125000
5 0.65664531 0.78125000 0.81212500 0.78125000 0.81212500 0.62684219 0.65664531 0.62684219 0.65664531 0.78125000
3 0.55573594 0.25618281 0.44887344 0.25618281 0.44887344 0.52377031 0.55573594 0.52377031 0.55573594 0.25618281
3 0.70641406 0.35166875 0.62635156 0.35166875 0.62635156 0.61138281 0.70641406 0.61138281 0.70641406 0.35166875
3 0.45712656 0.27354375 0.31915000 0.27354375 0.31915000 0.50798750 0.45712656 0.50798750 0.45712656 0.27354375
3 0.38297188 0.22493281 0.23003906 0.22493281 0.23003906 0.45510469 0.38297188 0.45510469 0.38297188 0.22493281
3 0.64961563 0.42648125 0.50347812 0.42648125 0.50347812 0.62795625 0.64961563 0.62795625 0.64961563 0.42648125
5 0.52812656 0.56781406 0.42535312 0.56781406 0.42535312 0.78124844 0.52812656 0.78124844 0.52812656 0.56781406
3 0.56250469 0.78125000 0.65829219 0.78125000 0.65829219 0.60340469 0.56250469 0.60340469 0.56250469 0.78125000
5 0.73323594 0.23621562 0.64307656 0.23621562 0.64307656 0.36433594 0.73323594 0.36433594 0.73323594 0.23621562
5 0.81771406 0.26804375 0.69852656 0.26804375 0.69852656 0.37250312 0.81771406 0.37250312 0.81771406 0.26804375
