10 0.29795469 0.40812187 0.18595781 0.40812187 0.18595781 0.48408594 0.29795469 0.48408594 0.29795469 0.40812187
9 0.20653906 0.35160469 0.06936719 0.35160469 0.06936719 0.46358281 0.20653906 0.46358281 0.20653906 0.35160469
9 0.32560937 0.27902031 0.21498906 0.27902031 0.21498906 0.37584375 0.32560937 0.37584375 0.32560937 0.27902031
10 0.10262656 0.46966406 0.02205000 0.46966406 0.02205000 0.57078906 0.10262656 0.57078906 0.10262656 0.46966406
9 0.29372813 0.54637969 0.07267344 0.54637969 0.07267344 0.70830156 0.29372813 0.70830156 0.29372813 0.54637969
11 0.34141094 0.67215625 0.27379219 0.67215625 0.27379219 0.74037969 0.34141094 0.74037969 0.34141094 0.67215625
11 0.34040156 0.45082812 0.26745156 0.45082812 0.26745156 0.53581719 0.34040156 0.53581719 0.34040156 0.45082812
9 0.41803594 0.51422344 0.31890156 0.51422344 0.31890156 0.63241719 0.41803594 0.63241719 0.41803594 0.51422344
10 0.39423906 0.36400625 0.32018750 0.36400625 0.32018750 0.47194219 0.39423906 0.47194219 0.39423906 0.36400625
9 0.50844375 0.41729531 0.39185313 0.41729531 0.39185313 0.58178750 0.50844375 0.58178750 0.50844375 0.41729531
10 0.50936250 0.56153906 0.44826250 0.56153906 0.44826250 0.67519531 0.50936250 0.67519531 0.50936250 0.56153906
10 0.87098594 0.46185469 0.74190000 0.46185469 0.74190000 0.53930156 0.87098594 0.53930156 0.87098594 0.46185469
9 0.78499063 0.46552969 0.53839375 0.46552969 0.53839375 0.53746406 0.78499063 0.53746406 0.78499063 0.46552969
10 0.88660625 0.53857187 0.77065937 0.53857187 0.77065937 0.61802187 0.88660625 0.61802187 0.88660625 0.53857187
9 0.80299844 0.54454219 0.52553281 0.54454219 0.52553281 0.70691562 0.80299844 0.70691562 0.80299844 0.54454219
11 0.56779531 0.69200469 0.48694375 0.69200469 0.48694375 0.77895312 0.56779531 0.77895312 0.56779531 0.69200469
9 0.84489375 0.24962031 0.56457969 0.24962031 0.56457969 0.43285781 0.84489375 0.43285781 0.84489375 0.24962031
