9 0.23360469 0.42126094 0.28797969 0.42126094 0.28797969 0.31853594 0.23360469 0.31853594 0.23360469 0.42126094
9 0.27529219 0.47470938 0.50245312 0.47470938 0.50245312 0.38429062 0.27529219 0.38429062 0.27529219 0.47470938
10 0.11750781 0.49969219 0.20037812 0.49969219 0.20037812 0.41268281 0.11750781 0.41268281 0.11750781 0.49969219
9 0.12001719 0.72695469 0.25353437 0.72695469 0.25353437 0.50038906 0.12001719 0.50038906 0.12001719 0.72695469
9 0.23853438 0.69816719 0.31954844 0.69816719 0.31954844 0.53140469 0.23853438 0.53140469 0.23853438 0.69816719
10 0.31954844 0.68842031 0.25183750 0.68842031 0.25183750 0.78125000 0.31954844 0.78125000 0.31954844 0.68842031
9 0.53467656 0.66750938 0.42606250 0.66750938 0.42606250 0.78125000 0.53467656 0.78125000 0.53467656 0.66750938
10 0.31804688 0.72470000 0.43746406 0.72470000 0.43746406 0.63140937 0.31804688 0.63140937 0.31804688 0.72470000
9 0.48707031 0.67553438 0.59398750 0.67553438 0.59398750 0.51889375 0.48707031 0.51889375 0.48707031 0.67553438
11 0.44356406 0.52400156 0.52477500 0.52400156 0.52477500 0.44688437 0.44356406 0.44688437 0.44356406 0.52400156
10 0.62859062 0.64034844 0.72340313 0.64034844 0.72340313 0.53619844 0.62859062 0.53619844 0.62859062 0.64034844
9 0.60378750 0.58237500 0.62939219 0.59277031 0.64659375 0.56998125 0.64979375 0.55158906 0.64019375 0.53439687 0.62499063 0.51480625 0.60698750 0.49281562 0.58658594 0.46922500 0.56698281 0.46082969 0.55257969 0.44523594 0.54177812 0.43564063 0.52337656 0.43284219 0.50297344 0.43524062 0.49857344 0.43923906 0.50497344 0.46762656 0.51537500 0.50480938 0.53337813 0.53399687 0.56538281 0.55878594 0.60378750 0.58237500
9 0.67569844 0.49277812 0.69090000 0.50557344 0.73490781 0.51516875 0.74290781 0.51596875 0.77651250 0.52396406 0.81131719 0.52676406 0.81171875 0.50437344 0.81051719 0.48278281 0.80211719 0.47198750 0.78051406 0.45399531 0.75650938 0.44400000 0.72890625 0.44080156 0.70050156 0.43360469 0.67769844 0.42680781 0.65849531 0.41961094 0.62649062 0.41761250 0.60728750 0.41601250 0.58808594 0.41687969 0.58248438 0.43800312 0.58808594 0.44999687 0.62009063 0.46599062 0.66209688 0.48758125 0.67569844 0.49277812
10 0.77351250 0.55189531 0.90523125 0.55189531 0.90523125 0.47188594 0.77351250 0.47188594 0.77351250 0.55189531
10 0.72880625 0.45779531 0.93783906 0.45779531 0.93783906 0.27315781 0.72880625 0.27315781 0.72880625 0.45779531
