8 0.59730781 0.43780625 0.67030156 0.43780625 0.67030156 0.35797031 0.59730781 0.35797031 0.59730781 0.43780625
8 0.63817656 0.50177656 0.73062031 0.50177656 0.73062031 0.41520625 0.63817656 0.41520625 0.63817656 0.50177656
6 0.68741406 0.39401094 0.96141875 0.39401094 0.96141875 0.24103125 0.68741406 0.24103125 0.68741406 0.39401094
6 0.57976875 0.33791406 0.74052812 0.33791406 0.74052812 0.22077344 0.57976875 0.22077344 0.57976875 0.33791406
6 0.46221406 0.35464375 0.61842031 0.35464375 0.61842031 0.21875156 0.46221406 0.21875156 0.46221406 0.35464375
7 0.44264219 0.44912344 0.54899375 0.44912344 0.54899375 0.32965781 0.44264219 0.32965781 0.44264219 0.44912344
7 0.54751875 0.42944062 0.64500781 0.42944062 0.64500781 0.31734688 0.54751875 0.31734688 0.54751875 0.42944062
7 0.16457500 0.21875000 0.16457500 0.33212969 0.25701875 0.33212969 0.25701875 0.21875000 0.16457500 0.21875000
7 0.06093281 0.60245625 0.06093281 0.47921562 0.00000000 0.47921562 0.00000000 0.60245625 0.06093281 0.60245625
7 0.22821562 0.64298437 0.31782656 0.64298437 0.31782656 0.51798906 0.22821562 0.51798906 0.22821562 0.64298437
7 0.16962344 0.67677969 0.08431875 0.67677969 0.08431875 0.78125000 0.16962344 0.78125000 0.16962344 0.67677969
7 0.09921406 0.67308750 0.18291719 0.67308750 0.18291719 0.44824063 0.09921406 0.44824063 0.09921406 0.67308750
8 0.11572656 0.41784063 0.16111719 0.41784063 0.16111719 0.37076875 0.11572656 0.37076875 0.11572656 0.41784063
8 0.18510625 0.65816250 0.23701406 0.65816250 0.23701406 0.59351406 0.18510625 0.59351406 0.18510625 0.65816250
6 0.16233906 0.59231563 0.25794219 0.59231563 0.25794219 0.31721094 0.16233906 0.31721094 0.16233906 0.59231563
6 0.01269219 0.50435312 0.14118750 0.50435312 0.14118750 0.28231406 0.01269219 0.28231406 0.01269219 0.50435312
6 0.25011719 0.54774062 0.39521562 0.54774062 0.39521562 0.24951406 0.25011719 0.24951406 0.25011719 0.54774062
