4 0.03038594 0.69109844 0.16523906 0.69109844 0.16523906 0.57128594 0.03038594 0.57128594 0.03038594 0.69109844
4 0.11285156 0.55060625 0.23939375 0.55060625 0.23939375 0.44281562 0.11285156 0.44281562 0.11285156 0.55060625
4 0.21181094 0.31777031 0.32143906 0.31777031 0.32143906 0.21875156 0.21181094 0.21875156 0.21181094 0.31777031
4 0.58854844 0.42984687 0.72376875 0.42984687 0.72376875 0.32910000 0.58854844 0.32910000 0.58854844 0.42984687
4 0.63108125 0.69820156 0.74191406 0.69820156 0.74191406 0.58604219 0.63108125 0.58604219 0.63108125 0.69820156
4 0.73323594 0.68152969 0.61024844 0.68152969 0.61024844 0.78125000 0.73323594 0.78125000 0.73323594 0.68152969
5 0.79687812 0.36117813 0.91783437 0.36117813 0.91783437 0.26399375 0.79687812 0.26399375 0.79687812 0.36117813
5 0.80208750 0.50482969 0.94860000 0.50482969 0.94860000 0.39507188 0.80208750 0.39507188 0.80208750 0.50482969
5 0.44445000 0.45431406 0.61805937 0.45431406 0.61805937 0.31347344 0.44445000 0.31347344 0.44445000 0.45431406
5 0.33681094 0.56797188 0.51313750 0.56797188 0.51313750 0.48969062 0.33681094 0.48969062 0.33681094 0.56797188
3 0.15104687 0.64295156 0.37350469 0.64295156 0.37350469 0.53158906 0.15104687 0.53158906 0.15104687 0.64295156
3 0.26302656 0.53087344 0.46501563 0.53087344 0.46501563 0.38748594 0.26302656 0.38748594 0.26302656 0.53087344
3 0.45401094 0.59401875 0.62594688 0.59401875 0.62594688 0.45062812 0.45401094 0.45062812 0.45401094 0.59401875
5 0.35938125 0.75818906 0.48315937 0.75818906 0.48315937 0.61382187 0.35938125 0.61382187 0.35938125 0.75818906
3 0.51855469 0.73372187 0.62989375 0.73372187 0.62989375 0.55739844 0.51855469 0.55739844 0.51855469 0.73372187
3 0.68129219 0.57507500 0.84762344 0.57507500 0.84762344 0.37250312 0.68129219 0.37250312 0.68129219 0.57507500
