10 0.19531719 0.52117500 0.37652656 0.52117500 0.37652656 0.42386719 0.19531719 0.42386719 0.19531719 0.52117500
9 0.13088750 0.45733438 0.23404375 0.45733438 0.23404375 0.28468594 0.13088750 0.28468594 0.13088750 0.45733438
9 0.41190781 0.43223750 0.46450312 0.46998750 0.51135937 0.48432188 0.53000625 0.48480000 0.53622188 0.44275000 0.51135937 0.41360156 0.48075937 0.39018594 0.47358750 0.37919531 0.47310938 0.34861406 0.45733125 0.36008281 0.42864375 0.35148125 0.39756406 0.33188906 0.35883594 0.31994375 0.34114531 0.30321875 0.32680156 0.29700625 0.32106406 0.31373125 0.30385156 0.32281094 0.29142031 0.32758906 0.28090156 0.33810156 0.24408437 0.35625937 0.27038281 0.38540781 0.31771719 0.40069844 0.36074844 0.39878750 0.41190781 0.43223750
9 0.58750156 0.56307187 0.75663906 0.56307187 0.75663906 0.46092344 0.58750156 0.46092344 0.58750156 0.56307187
10 0.39804375 0.38354844 0.60818125 0.38354844 0.60818125 0.22019219 0.39804375 0.22019219 0.39804375 0.38354844
11 0.65503594 0.31429219 0.78998906 0.31429219 0.78998906 0.24516719 0.65503594 0.24516719 0.65503594 0.31429219
9 0.77277656 0.47341406 0.95637812 0.47341406 0.95637812 0.29895625 0.77277656 0.29895625 0.77277656 0.47341406
10 0.47872500 0.65588594 0.60052969 0.65588594 0.60052969 0.51675469 0.47872500 0.51675469 0.47872500 0.65588594
10 0.25347188 0.75370781 0.45293438 0.75370781 0.45293438 0.62418750 0.25347188 0.62418750 0.25347188 0.75370781
10 0.11702969 0.78124844 0.25335469 0.78124844 0.25335469 0.67899062 0.11702969 0.67899062 0.11702969 0.78124844
