10 0.18993438 0.55129063 0.15776562 0.55365469 0.14452031 0.56641875 0.14452031 0.57918437 0.14925000 0.59904062 0.15918437 0.61842500 0.18378437 0.62457187 0.21027500 0.63166406 0.21122187 0.64253750 0.22020937 0.65672031 0.23724063 0.64962969 0.24906562 0.65152031 0.26278594 0.63922813 0.25379688 0.62977187 0.27792344 0.61795312 0.29116875 0.60707812 0.29873750 0.58722188 0.27650469 0.57020156 0.26089219 0.55223594 0.24906562 0.55980000 0.23109062 0.55176406 0.22292969 0.52813125 0.21453281 0.53616250 0.20034062 0.55129063 0.18993438 0.55129063
11 0.07640000 0.34009062 0.00887031 0.34009062 0.00887031 0.42150312 0.07640000 0.42150312 0.07640000 0.34009062
9 0.21169531 0.38798906 0.08870000 0.38798906 0.08870000 0.54537031 0.21169531 0.54537031 0.21169531 0.38798906
10 0.41137500 0.24729062 0.21079219 0.24729062 0.21079219 0.45116250 0.41137500 0.45116250 0.41137500 0.24729062
10 0.58353125 0.24648906 0.41978125 0.24648906 0.41978125 0.45516719 0.58353125 0.45516719 0.58353125 0.24648906
10 0.70063594 0.26499219 0.56871719 0.26499219 0.56871719 0.42254375 0.70063594 0.42254375 0.70063594 0.26499219
10 0.78111094 0.43214844 0.66960781 0.43214844 0.66960781 0.57827812 0.78111094 0.57827812 0.78111094 0.43214844
10 0.38234687 0.57379375 0.25523125 0.57379375 0.25523125 0.65935156 0.38234687 0.65935156 0.38234687 0.57379375
9 0.56891875 0.49296719 0.39135625 0.49296719 0.39135625 0.65234531 0.56891875 0.65234531 0.56891875 0.49296719
11 0.67461406 0.50977344 0.57612500 0.50977344 0.57612500 0.58528437 0.67461406 0.58528437 0.67461406 0.50977344
9 0.97488750 0.36408281 0.78071094 0.36408281 0.78071094 0.49537031 0.97488750 0.49537031 0.97488750 0.36408281
11 0.54890000 0.71139844 0.41437656 0.71139844 0.41437656 0.77312187 0.54890000 0.77312187 0.54890000 0.71139844
9 0.78471406 0.57327344 0.54970156 0.57327344 0.54970156 0.73551250 0.78471406 0.73551250 0.78471406 0.57327344
