4 0.32899687 0.59244062 0.41531563 0.59244062 0.41531563 0.44541875 0.32899687 0.44541875 0.32899687 0.59244062
4 0.70573438 0.35802344 0.81606719 0.35802344 0.81606719 0.25531562 0.70573438 0.25531562 0.70573438 0.35802344
4 0.37326875 0.65637031 0.48394844 0.65637031 0.48394844 0.56087031 0.37326875 0.56087031 0.37326875 0.65637031
4 0.80122031 0.45826094 0.88864375 0.45826094 0.88864375 0.34472344 0.80122031 0.34472344 0.80122031 0.45826094
4 0.71441562 0.77634063 0.79240312 0.77634063 0.79240312 0.65809063 0.71441562 0.65809063 0.71441562 0.77634063
4 0.79555938 0.75097344 0.87847812 0.75097344 0.87847812 0.66189531 0.79555938 0.66189531 0.79555938 0.75097344
5 0.99987813 0.59559219 0.92535156 0.59559219 0.92535156 0.78125000 0.99987813 0.78125000 0.99987813 0.59559219
5 0.53742500 0.69820313 0.65908125 0.69820313 0.65908125 0.51920312 0.53742500 0.51920312 0.53742500 0.69820313
5 0.59282344 0.78045938 0.73954688 0.78045938 0.73954688 0.59732656 0.59282344 0.59732656 0.59282344 0.78045938
3 0.38628906 0.47799219 0.56441406 0.47799219 0.56441406 0.26052344 0.38628906 0.26052344 0.38628906 0.47799219
3 0.49045625 0.62006250 0.64961563 0.62006250 0.64961563 0.41243281 0.49045625 0.41243281 0.49045625 0.62006250
3 0.68490000 0.61927500 0.82632344 0.61927500 0.82632344 0.42545469 0.68490000 0.42545469 0.68490000 0.61927500
3 0.86111563 0.66110469 0.98646719 0.66110469 0.98646719 0.41330000 0.86111563 0.41330000 0.86111563 0.66110469
5 0.49227656 0.78045938 0.64487969 0.78045938 0.64487969 0.62857656 0.49227656 0.62857656 0.49227656 0.78045938
5 0.64062812 0.44089687 0.76557969 0.44089687 0.76557969 0.32475938 0.64062812 0.32475938 0.64062812 0.44089687
5 0.85937969 0.50561719 0.95254688 0.50561719 0.95254688 0.30219062 0.85937969 0.30219062 0.85937969 0.50561719
5 0.94271406 0.33083438 0.94271406 0.51903594 1.00000000 0.51903594 1.00000000 0.33083438 0.94271406 0.33083438
