9 0.22085469 0.30063281 0.15817500 0.30063281 0.15817500 0.51691875 0.22085469 0.51691875 0.22085469 0.30063281
10 0.30336562 0.33926875 0.21046719 0.33926875 0.21046719 0.47995000 0.30336562 0.47995000 0.30336562 0.33926875
9 0.40027500 0.44373750 0.21896406 0.44373750 0.21896406 0.61018906 0.40027500 0.61018906 0.40027500 0.44373750
9 0.45504531 0.26288125 0.33169375 0.26288125 0.33169375 0.37822344 0.45504531 0.37822344 0.45504531 0.26288125
9 0.25485156 0.56472656 0.03777344 0.56472656 0.03777344 0.75020625 0.25485156 0.75020625 0.25485156 0.56472656
10 0.22840937 0.78125000 0.36391875 0.78125000 0.36391875 0.69357812 0.22840937 0.69357812 0.22840937 0.78125000
9 0.56305469 0.42467500 0.43202812 0.42467500 0.43202812 0.63141875 0.56305469 0.63141875 0.56305469 0.42467500
11 0.48349687 0.31902656 0.43025937 0.31902656 0.43025937 0.42484844 0.48349687 0.42484844 0.48349687 0.31902656
9 0.81011406 0.41009219 0.55656250 0.41009219 0.55656250 0.51241250 0.81011406 0.51241250 0.81011406 0.41009219
10 0.77847969 0.30739844 0.61971406 0.30739844 0.61971406 0.44433125 0.77847969 0.44433125 0.77847969 0.30739844
9 0.66893750 0.22300000 0.42671875 0.22300000 0.42671875 0.31563594 0.66893750 0.31563594 0.66893750 0.22300000
11 0.74778906 0.25959219 0.67755469 0.25959219 0.67755469 0.31657969 0.74778906 0.31657969 0.74778906 0.25959219
9 0.66043750 0.62420156 0.67743594 0.65109844 0.66563281 0.66619844 0.62219219 0.66336719 0.64249531 0.68696250 0.66327188 0.69356875 0.68640781 0.72282500 0.70010000 0.73886875 0.71898594 0.72235312 0.72748594 0.69734375 0.71095938 0.66147969 0.69443437 0.63552656 0.67460312 0.60202187 0.65855000 0.56993437 0.64013594 0.54728438 0.61794375 0.54775625 0.60802812 0.55625000 0.61463906 0.59164062 0.62974688 0.60815781 0.66043750 0.62420156
11 0.91686875 0.36768438 0.82797500 0.36768438 0.82797500 0.45765937 0.91686875 0.45765937 0.91686875 0.36768438
