10 0.11571563 0.68469531 0.26864531 0.68469531 0.26864531 0.57464844 0.11571563 0.57464844 0.11571563 0.68469531
10 0.21813594 0.54529375 0.41625469 0.54529375 0.41625469 0.37840313 0.21813594 0.37840313 0.21813594 0.54529375
10 0.52806094 0.40197969 0.74275625 0.40197969 0.74275625 0.29346406 0.52806094 0.29346406 0.52806094 0.40197969
10 0.40796719 0.47407031 0.51992813 0.47407031 0.51992813 0.38197656 0.40796719 0.38197656 0.40796719 0.47407031
10 0.73728281 0.42559531 0.86331719 0.42559531 0.86331719 0.31133750 0.73728281 0.31133750 0.73728281 0.42559531
9 0.52383906 0.49512031 0.76887031 0.49512031 0.76887031 0.38494219 0.52383906 0.38494219 0.52383906 0.49512031
11 0.78137969 0.45198750 0.87332500 0.45198750 0.87332500 0.37555781 0.78137969 0.37555781 0.78137969 0.45198750
10 0.60311875 0.58665781 0.79748594 0.58665781 0.79748594 0.48261875 0.60311875 0.48261875 0.60311875 0.58665781
11 0.44705937 0.55961094 0.52149219 0.55961094 0.52149219 0.48082656 0.44705937 0.48082656 0.44705937 0.55961094
9 0.27442812 0.68463125 0.45581562 0.68463125 0.45581562 0.52930000 0.27442812 0.52930000 0.27442812 0.68463125
9 0.49209687 0.75089219 0.75057500 0.75089219 0.75057500 0.63172187 0.49209687 0.63172187 0.49209687 0.75089219
11 0.37528594 0.75838125 0.48271406 0.75838125 0.48271406 0.68150312 0.37528594 0.68150312 0.37528594 0.75838125
11 0.92414531 0.45146562 0.99372969 0.45146562 0.99372969 0.38152969 0.92414531 0.38152969 0.92414531 0.45146562
9 0.79029219 0.57211250 0.93040000 0.57211250 0.93040000 0.41984062 0.79029219 0.41984062 0.79029219 0.57211250
