4 0.30960469 0.55045156 0.21875313 0.55045156 0.21875313 0.69030781 0.30960469 0.69030781 0.30960469 0.55045156
4 0.40900469 0.33864688 0.31771406 0.33864688 0.31771406 0.45668125 0.40900469 0.45668125 0.40900469 0.33864688
4 0.64961406 0.67371719 0.51823438 0.67371719 0.51823438 0.78028750 0.64961406 0.78028750 0.64961406 0.67371719
4 0.88312500 0.54524375 0.75521406 0.54524375 0.75521406 0.65084531 0.88312500 0.65084531 0.88312500 0.54524375
4 0.75611250 0.64073125 0.62934531 0.64073125 0.62934531 0.72977344 0.75611250 0.72977344 0.75611250 0.64073125
3 0.21257344 0.46625312 0.04254062 0.46625312 0.04254062 0.68005000 0.21257344 0.68005000 0.21257344 0.46625312
3 0.89969063 0.23708438 0.78038750 0.23708438 0.78038750 0.40853438 0.89969063 0.40853438 0.89969063 0.23708438
3 0.71509219 0.45322969 0.55729844 0.45322969 0.55729844 0.62085313 0.71509219 0.62085313 0.71509219 0.45322969
3 0.50130469 0.47753594 0.33420625 0.47753594 0.33420625 0.68557344 0.50130469 0.68557344 0.50130469 0.47753594
4 0.39007344 0.70322969 0.30990156 0.70322969 0.30990156 0.78124844 0.39007344 0.78124844 0.39007344 0.70322969
