4 0.19915937 0.67545312 0.32465781 0.67545312 0.32465781 0.55093281 0.19915937 0.55093281 0.19915937 0.67545312
3 0.10851094 0.65190313 0.19758281 0.65190313 0.19758281 0.45583594 0.10851094 0.45583594 0.10851094 0.65190313
5 0.00000469 0.56670781 0.10607344 0.56670781 0.10607344 0.31781250 0.00000469 0.31781250 0.00000469 0.56670781
5 0.53522656 0.56087031 0.63108125 0.56087031 0.63108125 0.34346875 0.53522656 0.34346875 0.53522656 0.56087031
3 0.29601094 0.39316719 0.45002656 0.39316719 0.45002656 0.23274531 0.29601094 0.23274531 0.29601094 0.39316719
3 0.40357188 0.49334688 0.55731406 0.49334688 0.55731406 0.25806406 0.40357188 0.25806406 0.40357188 0.49334688
3 0.59809687 0.43576406 0.79950312 0.43576406 0.79950312 0.23274687 0.59809687 0.23274687 0.59809687 0.43576406
3 0.74664531 0.70757187 0.85330156 0.70757187 0.85330156 0.55803281 0.74664531 0.55803281 0.74664531 0.70757187
3 0.59281562 0.58170312 0.73872187 0.58170312 0.73872187 0.43497344 0.59281562 0.43497344 0.59281562 0.58170312
3 0.54074844 0.68413281 0.65799062 0.68413281 0.65799062 0.49650312 0.54074844 0.49650312 0.54074844 0.68413281
3 0.70641406 0.40027969 0.88628906 0.40027969 0.88628906 0.21875156 0.70641406 0.21875156 0.70641406 0.40027969
