4 0.33420625 0.42274375 0.41531563 0.42274375 0.41531563 0.29974062 0.33420625 0.29974062 0.33420625 0.42274375
4 0.58507344 0.30514062 0.68195625 0.30514062 0.68195625 0.21972344 0.58507344 0.21972344 0.58507344 0.30514062
4 0.07812813 0.59796406 0.16602656 0.59796406 0.16602656 0.49837031 0.07812813 0.49837031 0.07812813 0.59796406
4 0.42188125 0.47799219 0.65592656 0.47799219 0.65592656 0.27614844 0.42188125 0.27614844 0.42188125 0.47799219
5 0.35503906 0.60506563 0.48000312 0.60506563 0.48000312 0.45583437 0.35503906 0.45583437 0.35503906 0.60506563
5 0.69445000 0.46299687 0.82632500 0.46299687 0.82632500 0.34385625 0.69445000 0.34385625 0.69445000 0.46299687
5 0.88281719 0.57736250 0.88281719 0.78125000 1.00000000 0.78125000 1.00000000 0.57736250 0.88281719 0.57736250
5 0.20399844 0.78028594 0.31828281 0.78028594 0.31828281 0.58951562 0.20399844 0.58951562 0.20399844 0.78028594
5 0.27083750 0.37301719 0.40111562 0.37301719 0.40111562 0.21875000 0.27083750 0.21875000 0.27083750 0.37301719
5 0.67485781 0.59038437 0.53820000 0.59038437 0.53820000 0.78125000 0.67485781 0.78125000 0.67485781 0.59038437
3 0.10417187 0.34539375 0.33090625 0.34539375 0.33090625 0.21980000 0.10417187 0.21980000 0.10417187 0.34539375
3 0.26562969 0.64374063 0.38691719 0.64374063 0.38691719 0.39420156 0.26562969 0.39420156 0.26562969 0.64374063
3 0.73958906 0.64689844 0.91073437 0.64689844 0.91073437 0.44541875 0.73958906 0.44541875 0.73958906 0.64689844
4 0.70486406 0.77318281 0.79555781 0.77318281 0.79555781 0.66590469 0.70486406 0.66590469 0.70486406 0.77318281
4 0.84028125 0.75818906 0.95648906 0.75818906 0.95648906 0.64767500 0.84028125 0.64767500 0.84028125 0.75818906
4 0.00000469 0.40853438 0.08635000 0.40853438 0.08635000 0.29177188 0.00000469 0.29177188 0.00000469 0.40853438
3 0.19010937 0.51351094 0.34826094 0.51351094 0.34826094 0.29264062 0.19010937 0.29264062 0.19010937 0.51351094
