10 0.35727656 0.64959375 0.14295312 0.64959375 0.14295312 0.74862969 0.35727656 0.74862969 0.35727656 0.64959375
10 0.27027031 0.22868281 0.17258281 0.22868281 0.17258281 0.38857344 0.27027031 0.38857344 0.27027031 0.22868281
9 0.27026875 0.35730469 0.14718281 0.35730469 0.14718281 0.60664375 0.27026875 0.60664375 0.27026875 0.35730469
9 0.39351875 0.22262969 0.29550625 0.22262969 0.29550625 0.41347344 0.39351875 0.41347344 0.39351875 0.22262969
10 0.41110313 0.42440000 0.27303750 0.42440000 0.27303750 0.63815781 0.41110313 0.63815781 0.41110313 0.42440000
10 0.49251094 0.55848750 0.40377656 0.55848750 0.40377656 0.68048750 0.49251094 0.68048750 0.49251094 0.55848750
10 0.63090156 0.39312344 0.53402656 0.39312344 0.53402656 0.50837031 0.63090156 0.50837031 0.63090156 0.39312344
9 0.51758281 0.36322656 0.43308281 0.36322656 0.43308281 0.56570625 0.51758281 0.56570625 0.51758281 0.36322656
11 0.48697500 0.30031875 0.43226875 0.30031875 0.43226875 0.37298750 0.48697500 0.37298750 0.48697500 0.30031875
10 0.96619844 0.57732344 0.81539375 0.57732344 0.81539375 0.77879531 0.96619844 0.77879531 0.96619844 0.57732344
11 0.62762969 0.63838438 0.54022344 0.63838438 0.54022344 0.71105313 0.62762969 0.71105313 0.62762969 0.63838438
9 0.83535625 0.58553906 0.61643437 0.58553906 0.61643437 0.69919063 0.83535625 0.69919063 0.83535625 0.58553906
10 0.89850469 0.33788750 0.74323125 0.33788750 0.74323125 0.51920000 0.89850469 0.51920000 0.89850469 0.33788750
9 0.69746875 0.28940000 0.49093281 0.28940000 0.49093281 0.43086094 0.69746875 0.43086094 0.69746875 0.28940000
