7 0.86039375 0.23242812 0.75806562 0.23242812 0.75806562 0.34506719 0.86039375 0.34506719 0.86039375 0.23242812
6 0.79388125 0.28130000 0.60185781 0.28130000 0.60185781 0.45509062 0.79388125 0.45509062 0.79388125 0.28130000
8 0.54662188 0.43917344 0.46214844 0.43917344 0.46214844 0.53080000 0.54662188 0.53080000 0.54662188 0.43917344
7 0.72966250 0.54786875 0.59538437 0.54786875 0.59538437 0.64105313 0.72966250 0.64105313 0.72966250 0.54786875
8 0.34687344 0.59747187 0.23932344 0.59747187 0.23932344 0.66706406 0.34687344 0.66706406 0.34687344 0.59747187
6 0.61637188 0.53858438 0.38435781 0.53858438 0.38435781 0.64880625 0.61637188 0.64880625 0.61637188 0.53858438
7 0.39521719 0.47989688 0.30322500 0.47989688 0.30322500 0.59759219 0.39521719 0.59759219 0.39521719 0.47989688
7 0.37015781 0.35564063 0.28234219 0.35564063 0.28234219 0.45692188 0.37015781 0.45692188 0.37015781 0.35564063
6 0.56385000 0.23572969 0.33622344 0.23572969 0.33622344 0.40053125 0.56385000 0.40053125 0.56385000 0.23572969
6 0.58765781 0.36931406 0.39344219 0.36931406 0.39344219 0.50697187 0.58765781 0.50697187 0.58765781 0.36931406
