4 0.13841719 0.44107813 0.01389375 0.44107813 0.01389375 0.56718281 0.13841719 0.56718281 0.13841719 0.44107813
4 0.27805000 0.50184219 0.15451875 0.50184219 0.15451875 0.59559531 0.27805000 0.59559531 0.27805000 0.50184219
4 0.44687187 0.50010625 0.30382500 0.50010625 0.30382500 0.59244062 0.44687187 0.59244062 0.44687187 0.50010625
4 0.63857031 0.48447969 0.51736719 0.48447969 0.51736719 0.57901875 0.63857031 0.57901875 0.63857031 0.48447969
4 0.77820156 0.32909844 0.65538594 0.32909844 0.65538594 0.41169219 0.77820156 0.41169219 0.77820156 0.32909844
4 0.22125000 0.30826562 0.09896406 0.30826562 0.09896406 0.40458906 0.22125000 0.40458906 0.22125000 0.30826562
4 0.31118281 0.22319688 0.20399844 0.22319688 0.20399844 0.32171406 0.31118281 0.32171406 0.31118281 0.22319688
3 0.56914844 0.34144844 0.56914844 0.21875000 0.36372188 0.21875000 0.36372188 0.34144844 0.56914844 0.34144844
3 0.43819375 0.30132031 0.24566562 0.30132031 0.24566562 0.38643437 0.43819375 0.38643437 0.43819375 0.30132031
3 0.35772813 0.39309531 0.12934531 0.39309531 0.12934531 0.50482656 0.35772813 0.50482656 0.35772813 0.39309531
3 0.89416875 0.45323125 0.65799219 0.45323125 0.65799219 0.54192500 0.89416875 0.54192500 0.89416875 0.45323125
3 0.91310156 0.50791875 0.70660156 0.50791875 0.70660156 0.63663750 0.91310156 0.63663750 0.91310156 0.50791875
3 0.64645937 0.34952813 0.39410312 0.34952813 0.39410312 0.49377812 0.64645937 0.49377812 0.64645937 0.34952813
3 0.65513594 0.45078438 0.43490156 0.45078438 0.43490156 0.54902812 0.65513594 0.54902812 0.65513594 0.45078438
5 1.00000000 0.51272031 1.00000000 0.41330000 0.80295625 0.41330000 0.80295625 0.51272031 1.00000000 0.51272031
5 0.99999844 0.55392500 0.91059531 0.55392500 0.91059531 0.64847656 0.99999844 0.64847656 0.99999844 0.55392500
5 0.72140156 0.25184219 0.55816562 0.25184219 0.55816562 0.34776094 0.72140156 0.34776094 0.72140156 0.25184219
5 0.58729219 0.29698125 0.40365156 0.29698125 0.40365156 0.39590938 0.58729219 0.39590938 0.58729219 0.29698125
5 0.47526875 0.36034844 0.34288594 0.36034844 0.34288594 0.43221406 0.47526875 0.43221406 0.47526875 0.36034844
5 0.77346719 0.41077344 0.61372031 0.41077344 0.61372031 0.46457500 0.77346719 0.46457500 0.77346719 0.41077344
