4 0.00347656 0.56876094 0.14394062 0.56876094 0.14394062 0.43413594 0.00347656 0.43413594 0.00347656 0.56876094
4 0.31969219 0.48904219 0.44450469 0.48904219 0.44450469 0.39680781 0.31969219 0.39680781 0.31969219 0.48904219
4 0.14323437 0.59796250 0.26306250 0.59796250 0.26306250 0.49489687 0.14323437 0.49489687 0.14323437 0.59796250
4 0.55729531 0.72109062 0.66539219 0.72109062 0.66539219 0.61382031 0.55729531 0.61382031 0.55729531 0.72109062
4 0.65278281 0.44800000 0.79871250 0.44800000 0.79871250 0.36295312 0.65278281 0.36295312 0.65278281 0.44800000
4 0.22656875 0.32881719 0.31039375 0.32881719 0.31039375 0.23534844 0.22656875 0.23534844 0.22656875 0.32881719
4 0.09115156 0.39117188 0.21572969 0.39117188 0.21572969 0.30913594 0.09115156 0.30913594 0.09115156 0.39117188
3 0.35937969 0.34934063 0.58729219 0.34934063 0.58729219 0.21885625 0.35937969 0.21885625 0.35937969 0.34934063
3 0.13455312 0.49298906 0.34589531 0.49298906 0.34589531 0.40028125 0.13455312 0.40028125 0.13455312 0.49298906
3 0.44878906 0.62637813 0.63935625 0.62637813 0.63935625 0.44107969 0.44878906 0.44107969 0.44878906 0.62637813
3 0.48003906 0.48825313 0.63935625 0.48825313 0.63935625 0.38378750 0.48003906 0.38378750 0.48003906 0.48825313
3 0.66667031 0.66347344 0.92808906 0.66347344 0.92808906 0.54760469 0.66667031 0.54760469 0.66667031 0.66347344
5 0.90017813 0.78124844 0.99999844 0.78124844 0.99999844 0.57041719 0.90017813 0.57041719 0.90017813 0.78124844
5 0.57812969 0.35249688 0.71982500 0.35249688 0.71982500 0.25791875 0.57812969 0.25791875 0.57812969 0.35249688
5 0.42274687 0.40301250 0.59833594 0.40301250 0.59833594 0.31434219 0.42274687 0.31434219 0.42274687 0.40301250
