10 0.36732813 0.41054219 0.24956719 0.41054219 0.24956719 0.61216094 0.36732813 0.61216094 0.36732813 0.41054219
10 0.20400313 0.44364375 0.05045000 0.44364375 0.05045000 0.58335156 0.20400313 0.58335156 0.20400313 0.44364375
10 0.30551719 0.31713750 0.13865000 0.31713750 0.13865000 0.44180937 0.30551719 0.44180937 0.30551719 0.31713750
9 0.37343594 0.32641719 0.40470938 0.37915781 0.43793594 0.43238750 0.48582187 0.45778125 0.50683281 0.46266406 0.51318438 0.43678281 0.49608281 0.40015625 0.47800313 0.35864687 0.48728750 0.34057813 0.47165156 0.33227656 0.45210625 0.32006875 0.43353750 0.29565156 0.41448125 0.27514063 0.39298125 0.25316563 0.37783438 0.24437500 0.36757344 0.22630625 0.35047031 0.21898125 0.34460781 0.23509687 0.32701719 0.24095781 0.30698281 0.23802656 0.27522188 0.23363125 0.27815313 0.24974687 0.28694844 0.25511875 0.31382344 0.28979063 0.33678906 0.30004687 0.37343594 0.32641719
10 0.67308906 0.45646875 0.54079219 0.45646875 0.54079219 0.59508906 0.67308906 0.59508906 0.67308906 0.45646875
10 0.76995938 0.56094375 0.66087344 0.56094375 0.66087344 0.68734688 0.76995938 0.68734688 0.76995938 0.56094375
9 0.53505000 0.78125000 0.63925156 0.78125000 0.63925156 0.60061406 0.53505000 0.60061406 0.53505000 0.78125000
9 0.91080938 0.40938281 0.72317500 0.40938281 0.72317500 0.57190937 0.91080938 0.57190937 0.91080938 0.40938281
10 0.68982500 0.21880625 0.51941406 0.21880625 0.51941406 0.38928281 0.68982500 0.38928281 0.68982500 0.21880625
10 0.45870156 0.58656875 0.31357969 0.58656875 0.31357969 0.71179063 0.45870156 0.71179063 0.45870156 0.58656875
