10 0.11259531 0.49283906 0.22219063 0.49283906 0.22219063 0.34906719 0.11259531 0.34906719 0.11259531 0.49283906
9 0.24645625 0.46902500 0.35141875 0.46902500 0.35141875 0.30102187 0.24645625 0.30102187 0.24645625 0.46902500
11 0.31925000 0.28739687 0.37691094 0.28739687 0.37691094 0.22501875 0.31925000 0.22501875 0.31925000 0.28739687
10 0.25831562 0.63241719 0.39394844 0.63241719 0.39394844 0.47038594 0.25831562 0.47038594 0.25831562 0.63241719
10 0.25695469 0.76395313 0.47396719 0.76395313 0.47396719 0.65372969 0.25695469 0.65372969 0.25695469 0.76395313
10 0.64558594 0.65986406 0.52617500 0.65986406 0.52617500 0.78125000 0.64558594 0.78125000 0.64558594 0.65986406
9 0.59092344 0.67146562 0.80630156 0.67146562 0.80630156 0.57398750 0.59092344 0.57398750 0.59092344 0.67146562
9 0.43211719 0.57752969 0.73269063 0.57752969 0.73269063 0.44993906 0.43211719 0.44993906 0.43211719 0.57752969
10 0.59910469 0.37837344 0.81502656 0.37837344 0.81502656 0.22323594 0.59910469 0.22323594 0.59910469 0.37837344
11 0.80221406 0.36683437 0.90990156 0.36683437 0.90990156 0.26523281 0.80221406 0.26523281 0.80221406 0.36683437
9 0.86491719 0.59098594 0.96906094 0.59098594 0.96906094 0.36406094 0.86491719 0.36406094 0.86491719 0.59098594
