7 0.14392344 0.50813750 0.25664375 0.50813750 0.25664375 0.42315312 0.14392344 0.42315312 0.14392344 0.50813750
7 0.18698125 0.61262812 0.29994531 0.61262812 0.29994531 0.52062812 0.18698125 0.52062812 0.18698125 0.61262812
7 0.56106250 0.72969687 0.68164531 0.72969687 0.68164531 0.63529219 0.56106250 0.63529219 0.56106250 0.72969687
8 0.20935625 0.66297656 0.32050469 0.66297656 0.32050469 0.60408125 0.20935625 0.60408125 0.20935625 0.66297656
6 0.24430781 0.48989531 0.46842031 0.48989531 0.46842031 0.37515625 0.24430781 0.37515625 0.24430781 0.48989531
6 0.28845313 0.58417656 0.50808906 0.58417656 0.50808906 0.46295781 0.28845313 0.46295781 0.28845313 0.58417656
7 0.77114531 0.70198594 0.88664687 0.70198594 0.88664687 0.62257656 0.77114531 0.62257656 0.77114531 0.70198594
6 0.61016719 0.68796250 0.78323906 0.68796250 0.78323906 0.55267813 0.61016719 0.55267813 0.61016719 0.68796250
6 0.30962031 0.71165312 0.57618281 0.71165312 0.57618281 0.59150781 0.30962031 0.59150781 0.30962031 0.71165312
7 0.51147813 0.58403594 0.62710000 0.58403594 0.62710000 0.46680781 0.51147813 0.46680781 0.51147813 0.58403594
7 0.39210312 0.38505156 0.52187656 0.38505156 0.52187656 0.29204219 0.39210312 0.29204219 0.39210312 0.38505156
8 0.81879687 0.31881406 0.92099531 0.31881406 0.92099531 0.23157187 0.81879687 0.23157187 0.81879687 0.31881406
8 0.76558125 0.28883750 0.84383437 0.28883750 0.84383437 0.22310469 0.76558125 0.22310469 0.76558125 0.28883750
6 0.51304844 0.36861250 0.76013906 0.36861250 0.76013906 0.25031562 0.51304844 0.25031562 0.51304844 0.36861250
6 0.61222188 0.50050625 0.82544844 0.50050625 0.82544844 0.29397812 0.61222188 0.29397812 0.61222188 0.50050625
8 0.45674844 0.55579531 0.52579844 0.55579531 0.52579844 0.48935000 0.45674844 0.48935000 0.45674844 0.55579531
