10 0.25185625 0.41727031 0.10370625 0.41727031 0.10370625 0.57312969 0.25185625 0.57312969 0.25185625 0.41727031
9 0.27579375 0.57039375 0.16317969 0.57039375 0.16317969 0.75569062 0.27579375 0.75569062 0.27579375 0.57039375
9 0.63465938 0.59554844 0.40530469 0.59554844 0.40530469 0.72010781 0.63465938 0.72010781 0.63465938 0.59554844
11 0.38737656 0.57426250 0.28056719 0.57426250 0.28056719 0.64172656 0.38737656 0.64172656 0.38737656 0.57426250
10 0.48022187 0.40506406 0.36571562 0.40506406 0.36571562 0.50222813 0.48022187 0.50222813 0.48022187 0.40506406
9 0.66945156 0.41598125 0.47488750 0.41598125 0.47488750 0.55265937 0.66945156 0.55265937 0.66945156 0.41598125
11 0.78347188 0.49603906 0.69383125 0.49603906 0.69383125 0.63848750 0.78347188 0.63848750 0.78347188 0.49603906
10 0.48175313 0.23914844 0.28751094 0.23914844 0.28751094 0.40655000 0.48175313 0.40655000 0.48175313 0.23914844
10 0.67753438 0.26937969 0.47475156 0.26937969 0.47475156 0.41495312 0.67753438 0.41495312 0.67753438 0.26937969
10 0.81365937 0.28120937 0.69882344 0.28120937 0.69882344 0.41661875 0.81365937 0.41661875 0.81365937 0.28120937
10 0.93045625 0.46877500 0.81015781 0.46877500 0.81015781 0.63202188 0.93045625 0.63202188 0.93045625 0.46877500
10 0.97681094 0.62572187 0.82178281 0.62572187 0.82178281 0.71007031 0.97681094 0.71007031 0.97681094 0.62572187
11 0.97260937 0.38274219 0.88844219 0.38274219 0.88844219 0.45701875 0.97260937 0.45701875 0.97260937 0.38274219
