10 0.08746250 0.46045000 0.22499062 0.46045000 0.22499062 0.31345000 0.08746250 0.31345000 0.08746250 0.46045000
9 0.13370625 0.60111406 0.27163594 0.60111406 0.27163594 0.45821875 0.13370625 0.45821875 0.13370625 0.60111406
11 0.21453437 0.67033906 0.34683437 0.67033906 0.34683437 0.59307656 0.21453437 0.59307656 0.21453437 0.67033906
11 0.33919375 0.50465938 0.41821250 0.50465938 0.41821250 0.42906406 0.33919375 0.42906406 0.33919375 0.50465938
9 0.30561875 0.70452031 0.41399063 0.70452031 0.41399063 0.50787500 0.30561875 0.50787500 0.30561875 0.70452031
9 0.50004688 0.70640938 0.65044219 0.70640938 0.65044219 0.53864375 0.50004688 0.53864375 0.50004688 0.70640938
10 0.38101562 0.77992031 0.53302031 0.77992031 0.53302031 0.67586562 0.38101562 0.67586562 0.38101562 0.77992031
11 0.60459844 0.54484844 0.69869844 0.54484844 0.69869844 0.48033281 0.60459844 0.48033281 0.60459844 0.54484844
10 0.56277813 0.35515781 0.53704219 0.34390469 0.53623750 0.35756875 0.54186719 0.37444844 0.54749687 0.40257969 0.52739063 0.42187031 0.55714844 0.42830156 0.56438594 0.43633906 0.57805938 0.45080781 0.58931875 0.44116250 0.60138281 0.43232031 0.61183750 0.44357344 0.62631406 0.44196563 0.64159531 0.41383281 0.64963750 0.38489688 0.65687500 0.36480313 0.66009219 0.34711875 0.66009219 0.31898750 0.66089687 0.29487344 0.65607188 0.27317188 0.64802812 0.25790000 0.64320312 0.24584219 0.62550938 0.24182500 0.60459844 0.26272187 0.59253594 0.28522812 0.58127656 0.31014531 0.57162500 0.33988594 0.56277813 0.35515781
10 0.34241250 0.30773438 0.32954375 0.31979062 0.31587187 0.33667031 0.29576562 0.35676406 0.28128750 0.35596094 0.26761563 0.33586563 0.24268438 0.32943594 0.22981562 0.34470781 0.23383750 0.37203594 0.24750938 0.35997969 0.24509687 0.34792344 0.25635625 0.35274531 0.26279062 0.37605469 0.27967969 0.38489688 0.30622031 0.38972031 0.33517344 0.38972031 0.35527969 0.39293438 0.36332188 0.41142187 0.38101562 0.41785156 0.40514375 0.42589062 0.44133438 0.43955469 0.44616094 0.41945938 0.44535625 0.39454219 0.45259531 0.37766250 0.46063750 0.35917656 0.44776875 0.33827812 0.44776875 0.32139844 0.45339844 0.29889219 0.45661562 0.27960156 0.45902969 0.24745000 0.43811875 0.23298281 0.41559844 0.23780469 0.39388438 0.25146875 0.37779844 0.27397500 0.36493125 0.28763906 0.34241250 0.30773438
10 0.69869844 0.49099687 0.80325000 0.49099687 0.80325000 0.36170781 0.69869844 0.36170781 0.69869844 0.49099687
10 0.74546875 0.77902031 0.83959844 0.77902031 0.83959844 0.65435469 0.74546875 0.65435469 0.74546875 0.77902031
9 0.76239219 0.64926875 0.91374375 0.64926875 0.91374375 0.46813750 0.76239219 0.46813750 0.76239219 0.64926875
11 0.86152187 0.46555938 0.98724375 0.46555938 0.98724375 0.36639375 0.86152187 0.36639375 0.86152187 0.46555938
