10 0.16640937 0.29847969 0.06974687 0.29847969 0.06974687 0.43292500 0.16640937 0.43292500 0.16640937 0.29847969
9 0.19969063 0.42944062 0.07032500 0.42944062 0.07032500 0.65611250 0.19969063 0.65611250 0.19969063 0.42944062
11 0.18551094 0.65879531 0.11504063 0.65879531 0.11504063 0.74928750 0.18551094 0.74928750 0.18551094 0.65879531
9 0.34859219 0.30600469 0.23065781 0.30600469 0.23065781 0.54601563 0.34859219 0.54601563 0.34859219 0.30600469
9 0.21039844 0.78125000 0.33788281 0.78125000 0.33788281 0.66168750 0.21039844 0.66168750 0.21039844 0.78125000
11 0.48597656 0.35839375 0.40202344 0.35839375 0.40202344 0.42757344 0.48597656 0.42757344 0.48597656 0.35839375
10 0.60717656 0.40391719 0.50832344 0.40391719 0.50832344 0.51786875 0.60717656 0.51786875 0.60717656 0.40391719
9 0.59062187 0.50678750 0.40758125 0.50678750 0.40758125 0.69410781 0.59062187 0.69410781 0.59062187 0.50678750
11 0.39492969 0.66050312 0.32847656 0.66050312 0.32847656 0.72643906 0.39492969 0.72643906 0.39492969 0.66050312
10 0.81374531 0.53931719 0.61982812 0.53931719 0.61982812 0.64322344 0.81374531 0.64322344 0.81374531 0.53931719
10 0.90242656 0.48668750 0.79222344 0.48668750 0.79222344 0.58010469 0.90242656 0.58010469 0.90242656 0.48668750
9 0.99512812 0.57655156 0.84791875 0.57655156 0.84791875 0.69827656 0.99512812 0.69827656 0.99512812 0.57655156
9 0.92926875 0.32705938 0.70176875 0.32705938 0.70176875 0.46831562 0.92926875 0.46831562 0.92926875 0.32705938
9 0.59168594 0.39977656 0.63898281 0.41773906 0.67256406 0.43617344 0.68911719 0.44657187 0.70094219 0.41726563 0.70236094 0.38559531 0.69479375 0.36952344 0.66688750 0.34919844 0.62668594 0.33738125 0.58317188 0.33170781 0.53540312 0.33407188 0.50702344 0.34494375 0.48101094 0.36290625 0.47202500 0.36905156 0.46303750 0.38181406 0.47155156 0.39788594 0.48715937 0.39599375 0.51411875 0.39505000 0.56472656 0.39268594 0.59168594 0.39977656
10 0.79269844 0.38499688 0.69408281 0.38499688 0.69408281 0.50853906 0.79269844 0.50853906 0.79269844 0.38499688
10 0.69230938 0.78125000 0.79884687 0.78125000 0.79884687 0.66168750 0.69230938 0.66168750 0.69230938 0.78125000
9 0.54770000 0.78125000 0.69550312 0.78125000 0.69550312 0.66215937 0.54770000 0.66215937 0.54770000 0.78125000
