4 0.28436250 0.45149531 0.16059688 0.45149531 0.16059688 0.57744219 0.28436250 0.57744219 0.28436250 0.45149531
4 0.60149219 0.29437812 0.48872187 0.29437812 0.48872187 0.40616875 0.60149219 0.40616875 0.60149219 0.29437812
4 0.90205781 0.29524531 0.79687969 0.29524531 0.79687969 0.43616094 0.90205781 0.43616094 0.90205781 0.29524531
4 0.87444687 0.61121875 0.80469375 0.61121875 0.80469375 0.72582812 0.87444687 0.72582812 0.87444687 0.61121875
4 0.94150156 0.66416719 0.86545625 0.66416719 0.86545625 0.77949844 0.94150156 0.77949844 0.94150156 0.66416719
5 1.00000000 0.78125000 1.00000000 0.58517500 0.92448437 0.58517500 0.92448437 0.78125000 1.00000000 0.78125000
5 0.46817188 0.52180625 0.34375469 0.52180625 0.34375469 0.74713594 0.46817188 0.74713594 0.46817188 0.52180625
5 0.79950312 0.59646094 0.63976250 0.59646094 0.63976250 0.77318438 0.79950312 0.77318438 0.79950312 0.59646094
5 0.69221406 0.23361250 0.49219219 0.23361250 0.49219219 0.31855781 0.69221406 0.31855781 0.69221406 0.23361250
5 1.00000000 0.43852813 1.00000000 0.25965312 0.89931094 0.25965312 0.89931094 0.43852813 1.00000000 0.43852813
3 0.86024687 0.43587031 0.71528437 0.43587031 0.71528437 0.60980156 0.86024687 0.60980156 0.86024687 0.43587031
3 0.55258125 0.38639062 0.41667344 0.38639062 0.41667344 0.59954219 0.55258125 0.59954219 0.55258125 0.38639062
3 0.46974687 0.33864688 0.26910156 0.33864688 0.26910156 0.47404531 0.46974687 0.47404531 0.46974687 0.33864688
3 0.52575938 0.21875000 0.32986562 0.21875000 0.32986562 0.32645000 0.52575938 0.32645000 0.52575938 0.21875000
3 0.40584844 0.51746875 0.22634844 0.51746875 0.22634844 0.69820313 0.40584844 0.69820313 0.40584844 0.51746875
3 0.96201094 0.39798906 0.82191094 0.39798906 0.82191094 0.59085937 0.96201094 0.59085937 0.96201094 0.39798906
