4 0.31510781 0.58090781 0.22677187 0.58090781 0.22677187 0.67852500 0.31510781 0.67852500 0.31510781 0.58090781
4 0.62674062 0.57065312 0.50524844 0.57065312 0.50524844 0.69802344 0.62674062 0.69802344 0.62674062 0.57065312
4 0.74913594 0.45863750 0.64487969 0.45863750 0.64487969 0.55132031 0.74913594 0.55132031 0.74913594 0.45863750
4 0.84375469 0.41762031 0.72929219 0.41762031 0.72929219 0.51486250 0.84375469 0.51486250 0.84375469 0.41762031
4 1.00000000 0.35687969 1.00000000 0.24576562 0.90104687 0.24576562 0.90104687 0.35687969 1.00000000 0.35687969
4 0.29340781 0.78125000 0.40032656 0.78125000 0.40032656 0.72753594 0.29340781 0.72753594 0.29340781 0.78125000
3 0.21730625 0.42458594 0.08247031 0.42458594 0.08247031 0.65742500 0.21730625 0.65742500 0.21730625 0.42458594
3 0.46895938 0.47059219 0.34722812 0.47059219 0.34722812 0.71579844 0.46895938 0.71579844 0.46895938 0.47059219
3 0.69705312 0.78125000 0.84604531 0.78125000 0.84604531 0.56694687 0.69705312 0.56694687 0.69705312 0.78125000
3 0.79634688 0.26225781 0.57007031 0.26225781 0.57007031 0.39947656 0.79634688 0.39947656 0.79634688 0.26225781
3 0.89022187 0.22145938 0.70226250 0.22145938 0.70226250 0.34268125 0.89022187 0.34268125 0.89022187 0.22145938
3 0.66775781 0.29871562 0.45920625 0.29871562 0.45920625 0.43102812 0.66775781 0.43102812 0.66775781 0.29871562
3 0.45476094 0.25618281 0.34115156 0.25618281 0.34115156 0.43339531 0.45476094 0.43339531 0.45476094 0.25618281
3 0.35141563 0.24837031 0.23264219 0.24837031 0.23264219 0.37029062 0.35141563 0.37029062 0.35141563 0.24837031
3 0.59983125 0.40894219 0.44529375 0.40894219 0.44529375 0.55045312 0.59983125 0.55045312 0.59983125 0.40894219
5 0.00000000 0.30560625 0.00000000 0.41156562 0.09115156 0.41156562 0.09115156 0.30560625 0.00000000 0.30560625
5 0.47605938 0.37597344 0.41927500 0.37597344 0.41927500 0.53594375 0.47605938 0.53594375 0.47605938 0.37597344
5 0.54863750 0.23187656 0.42708750 0.23187656 0.42708750 0.34268125 0.54863750 0.34268125 0.54863750 0.23187656
5 0.79861562 0.46416094 0.68195625 0.46416094 0.68195625 0.59559375 0.79861562 0.59559375 0.79861562 0.46416094
