10 0.68098906 0.23984375 0.52812500 0.23984375 0.52812500 0.45471406 0.68098906 0.45471406 0.68098906 0.23984375
10 0.50781250 0.24765469 0.28750000 0.24765469 0.28750000 0.46539219 0.50781250 0.46539219 0.50781250 0.24765469
10 0.78255156 0.32708437 0.66875000 0.32708437 0.66875000 0.47163906 0.78255156 0.47163906 0.78255156 0.32708437
10 0.30763750 0.50070156 0.16752344 0.50070156 0.16752344 0.66071406 0.30763750 0.66071406 0.30763750 0.50070156
9 0.14087969 0.78125000 0.24438594 0.78125000 0.24438594 0.65595781 0.14087969 0.65595781 0.14087969 0.78125000
11 0.47535000 0.50653437 0.33504531 0.50653437 0.33504531 0.73550312 0.47535000 0.73550312 0.47535000 0.50653437
9 0.40865000 0.60420625 0.40635000 0.60420625 0.40635000 0.61304219 0.40865000 0.61304219 0.40865000 0.60420625
11 0.38871563 0.38761406 0.31434687 0.38761406 0.31434687 0.48507812 0.38871563 0.48507812 0.38871563 0.38761406
11 0.88936875 0.51802656 0.77282969 0.51802656 0.77282969 0.65308281 0.88936875 0.65308281 0.88936875 0.51802656
9 0.78816562 0.48536875 0.54339688 0.48536875 0.54339688 0.58392344 0.78816562 0.58392344 0.78816562 0.48536875
10 0.54972188 0.49207656 0.44085156 0.49207656 0.44085156 0.57549531 0.54972188 0.57549531 0.54972188 0.49207656
11 0.78202969 0.60420625 0.71686094 0.60420625 0.71686094 0.67434062 0.78202969 0.67434062 0.78202969 0.60420625
9 0.71686250 0.63487500 0.53822187 0.63487500 0.53822187 0.77931719 0.71686250 0.77931719 0.71686250 0.63487500
