4 0.00347812 0.54745000 0.13684062 0.54745000 0.13684062 0.43413438 0.00347812 0.43413438 0.00347812 0.54745000
4 0.31510781 0.50325000 0.44213594 0.50325000 0.44213594 0.39767656 0.31510781 0.39767656 0.31510781 0.50325000
4 0.66406719 0.45589219 0.78687969 0.45589219 0.78687969 0.35600938 0.66406719 0.35600938 0.66406719 0.45589219
4 0.15278438 0.60743437 0.26227344 0.60743437 0.26227344 0.50271094 0.15278438 0.50271094 0.15278438 0.60743437
4 0.10156719 0.38722656 0.20389531 0.38722656 0.20389531 0.30479375 0.10156719 0.30479375 0.10156719 0.38722656
4 0.21962187 0.31855625 0.31039375 0.31855625 0.31039375 0.23968906 0.21962187 0.23968906 0.21962187 0.31855625
4 0.55469062 0.70688594 0.65197969 0.70688594 0.65197969 0.62076562 0.55469062 0.62076562 0.55469062 0.70688594
4 0.69931562 0.69889062 0.59549219 0.69889062 0.59549219 0.78125000 0.69931562 0.78125000 0.69931562 0.69889062
5 0.86892813 0.58612500 0.99999844 0.58612500 0.99999844 0.46017656 0.86892813 0.46017656 0.86892813 0.58612500
5 0.87326875 0.58257031 0.87326875 0.71951250 1.00000000 0.71951250 1.00000000 0.58257031 0.87326875 0.58257031
5 0.54512500 0.34539375 0.70487500 0.34539375 0.70487500 0.25878750 0.54512500 0.25878750 0.54512500 0.34539375
5 0.42880625 0.39748750 0.57313125 0.39748750 0.57313125 0.31521094 0.42880625 0.31521094 0.42880625 0.39748750
3 0.44703594 0.62401094 0.63545312 0.62401094 0.63545312 0.44194844 0.44703594 0.44194844 0.44703594 0.62401094
3 0.47134219 0.47799219 0.64728750 0.47799219 0.64728750 0.37944531 0.47134219 0.37944531 0.47134219 0.47799219
3 0.14234844 0.49693438 0.33725469 0.49693438 0.33725469 0.40375312 0.14234844 0.40375312 0.14234844 0.49693438
3 0.67099531 0.21875000 0.67099531 0.37538594 0.79480781 0.37538594 0.79480781 0.21875000 0.67099531 0.21875000
3 0.70484687 0.77160469 0.91235000 0.77160469 0.91235000 0.62210469 0.70484687 0.62210469 0.70484687 0.77160469
3 0.64668906 0.67689219 0.85870625 0.67689219 0.85870625 0.54973750 0.64668906 0.54973750 0.64668906 0.67689219
3 0.22220937 0.41563750 0.43034219 0.41563750 0.43034219 0.29871562 0.22220937 0.29871562 0.22220937 0.41563750
3 0.38974687 0.33197656 0.56682188 0.33197656 0.56682188 0.22927344 0.38974687 0.22927344 0.38974687 0.33197656
