9 0.35756562 0.21875000 0.19451875 0.21875000 0.19451875 0.30466250 0.35756562 0.30466250 0.35756562 0.21875000
9 0.47806094 0.23223750 0.33365781 0.23223750 0.33365781 0.34248594 0.47806094 0.34248594 0.47806094 0.23223750
9 0.20195000 0.50188438 0.08577813 0.50188438 0.08577813 0.69481875 0.20195000 0.69481875 0.20195000 0.50188438
10 0.43388750 0.55335625 0.27124687 0.55335625 0.27124687 0.69398750 0.43388750 0.69398750 0.43388750 0.55335625
10 0.49210937 0.46587344 0.36134844 0.46587344 0.36134844 0.55389219 0.49210937 0.55389219 0.49210937 0.46587344
9 0.64056563 0.41948438 0.46874063 0.41948438 0.46874063 0.52120781 0.64056563 0.52120781 0.64056563 0.41948438
11 0.68757500 0.48826875 0.62003438 0.48826875 0.62003438 0.56509687 0.68757500 0.56509687 0.68757500 0.48826875
9 0.93572344 0.43164219 0.78145781 0.43164219 0.78145781 0.55631094 0.93572344 0.55631094 0.93572344 0.43164219
10 0.79631562 0.42488594 0.69162656 0.42488594 0.69162656 0.51256719 0.79631562 0.51256719 0.79631562 0.42488594
10 0.72945000 0.24356094 0.58342500 0.24356094 0.58342500 0.40192344 0.72945000 0.40192344 0.72945000 0.24356094
11 0.37769219 0.34856406 0.31204219 0.34856406 0.31204219 0.44365000 0.37769219 0.44365000 0.37769219 0.34856406
