9 0.74486406 0.50164844 0.88957813 0.50164844 0.88957813 0.39661250 0.74486406 0.39661250 0.74486406 0.50164844
11 0.89437031 0.55380625 0.95920312 0.55380625 0.95920312 0.48580781 0.89437031 0.48580781 0.89437031 0.55380625
10 0.61651406 0.37670625 0.72231875 0.37670625 0.72231875 0.24684063 0.61651406 0.24684063 0.61651406 0.37670625
10 0.30779688 0.46924844 0.45730156 0.46924844 0.45730156 0.29742813 0.30779688 0.29742813 0.30779688 0.46924844
10 0.35066562 0.65456563 0.45850156 0.65456563 0.45850156 0.46291719 0.35066562 0.46291719 0.35066562 0.65456563
9 0.59003594 0.66733906 0.75152188 0.66733906 0.75152188 0.55503594 0.59003594 0.55503594 0.59003594 0.66733906
11 0.52320312 0.65296875 0.59695781 0.65296875 0.59695781 0.58232812 0.52320312 0.58232812 0.52320312 0.65296875
9 0.08786406 0.52839531 0.28929219 0.52839531 0.28929219 0.35667344 0.08786406 0.35667344 0.08786406 0.52839531
11 0.28023906 0.55330625 0.36570781 0.55330625 0.36570781 0.48155781 0.28023906 0.48155781 0.28023906 0.55330625
10 0.03727656 0.60574062 0.13432812 0.60574062 0.13432812 0.49446250 0.03727656 0.49446250 0.03727656 0.60574062
9 0.05591406 0.73794375 0.18353906 0.73794375 0.18353906 0.60096719 0.05591406 0.60096719 0.05591406 0.73794375
9 0.53020781 0.46720625 0.69401094 0.46720625 0.69401094 0.33151719 0.53020781 0.33151719 0.53020781 0.46720625
11 0.15923437 0.77749531 0.23714063 0.77749531 0.23714063 0.71184219 0.15923437 0.71184219 0.15923437 0.77749531
