4 0.02604688 0.72819531 0.13841719 0.72819531 0.13841719 0.62771094 0.02604688 0.62771094 0.02604688 0.72819531
4 0.04340781 0.49693594 0.14472813 0.49693594 0.14472813 0.39160000 0.04340781 0.39160000 0.04340781 0.49693594
4 0.15017969 0.36512500 0.25911719 0.36512500 0.25911719 0.28743281 0.15017969 0.28743281 0.15017969 0.36512500
4 0.65104844 0.62874531 0.74743594 0.62874531 0.74743594 0.50705000 0.65104844 0.50705000 0.65104844 0.62874531
4 0.59983125 0.49851406 0.70247031 0.49851406 0.70247031 0.40982969 0.59983125 0.40982969 0.59983125 0.49851406
4 0.25087344 0.78124844 0.36167344 0.78124844 0.36167344 0.70062656 0.25087344 0.70062656 0.25087344 0.78124844
4 0.12760781 0.78124844 0.22835000 0.78124844 0.22835000 0.70322969 0.12760781 0.70322969 0.12760781 0.78124844
4 0.78687969 0.71798750 0.68403281 0.71798750 0.68403281 0.78125000 0.78687969 0.78125000 0.78687969 0.71798750
3 0.69422812 0.70293750 0.85393281 0.70293750 0.85393281 0.46712031 0.69422812 0.46712031 0.69422812 0.70293750
3 0.36738594 0.58849219 0.59518125 0.58849219 0.59518125 0.44802344 0.36738594 0.44802344 0.36738594 0.58849219
3 0.11805938 0.67294687 0.31512812 0.67294687 0.31512812 0.51777187 0.11805938 0.51777187 0.11805938 0.67294687
3 0.34809531 0.75424062 0.49025938 0.75424062 0.49025938 0.58248281 0.34809531 0.58248281 0.34809531 0.75424062
5 0.80208906 0.46378438 0.90915625 0.46378438 0.90915625 0.36208438 0.80208906 0.36208438 0.80208906 0.46378438
3 0.70117500 0.48272969 0.86576875 0.48272969 0.86576875 0.29264062 0.70117500 0.29264062 0.70117500 0.48272969
3 0.27170625 0.43458125 0.49341406 0.43458125 0.49341406 0.32562656 0.27170625 0.32562656 0.27170625 0.43458125
3 0.16493438 0.49772344 0.37429375 0.49772344 0.37429375 0.39941094 0.16493438 0.39941094 0.16493438 0.49772344
5 0.37934531 0.52377187 0.51865938 0.52377187 0.51865938 0.42892500 0.37934531 0.42892500 0.37934531 0.52377187
5 0.22830156 0.63742500 0.39085938 0.63742500 0.39085938 0.54958438 0.22830156 0.54958438 0.22830156 0.63742500
5 0.56250469 0.42037500 0.71035938 0.42037500 0.71035938 0.29003594 0.56250469 0.29003594 0.56250469 0.42037500
