10 0.37566875 0.46748750 0.50287188 0.46748750 0.50287188 0.26629375 0.37566875 0.26629375 0.37566875 0.46748750
10 0.44457656 0.55120156 0.53838594 0.55120156 0.53838594 0.41627656 0.44457656 0.41627656 0.44457656 0.55120156
10 0.11248750 0.51669844 0.33817344 0.51669844 0.33817344 0.32713594 0.11248750 0.32713594 0.11248750 0.51669844
10 0.09126562 0.62451094 0.29119844 0.62451094 0.29119844 0.52734844 0.09126562 0.52734844 0.09126562 0.62451094
9 0.17460469 0.73496719 0.32543750 0.73496719 0.32543750 0.60446406 0.17460469 0.60446406 0.17460469 0.73496719
10 0.53952031 0.64106875 0.63743281 0.64106875 0.63743281 0.49551406 0.53952031 0.49551406 0.53952031 0.64106875
10 0.69516563 0.36722187 0.84401719 0.36722187 0.84401719 0.23091719 0.69516563 0.23091719 0.69516563 0.36722187
11 0.84232031 0.64835000 0.92608594 0.64835000 0.92608594 0.54291563 0.84232031 0.54291563 0.84232031 0.64835000
11 0.59017500 0.72419063 0.67563750 0.72419063 0.67563750 0.63488594 0.59017500 0.63488594 0.59017500 0.72419063
9 0.75062969 0.57146562 0.87429687 0.57146562 0.87429687 0.40637344 0.75062969 0.40637344 0.75062969 0.57146562
9 0.62073906 0.63764531 0.74780156 0.63764531 0.74780156 0.39222344 0.62073906 0.39222344 0.62073906 0.63764531
9 0.41698750 0.75562344 0.53131562 0.75562344 0.53131562 0.52805781 0.41698750 0.52805781 0.41698750 0.75562344
