4 0.29340938 0.53955781 0.39638281 0.53955781 0.39638281 0.44715625 0.29340938 0.44715625 0.29340938 0.53955781
4 0.43109219 0.68413437 0.33507344 0.68413437 0.33507344 0.78125000 0.43109219 0.78125000 0.43109219 0.68413437
4 0.59462187 0.57822969 0.69458125 0.57822969 0.69458125 0.46190938 0.59462187 0.46190938 0.59462187 0.57822969
4 0.74045625 0.70214844 0.83263750 0.70214844 0.83263750 0.58344062 0.74045625 0.58344062 0.74045625 0.70214844
4 0.78038750 0.40380156 0.85866875 0.40380156 0.85866875 0.27701719 0.78038750 0.27701719 0.78038750 0.40380156
4 0.92335469 0.67545312 0.83594062 0.67545312 0.83594062 0.78125000 0.92335469 0.78125000 0.92335469 0.67545312
5 0.92101094 0.78124844 0.99999844 0.78124844 0.99999844 0.58604219 0.92101094 0.58604219 0.92101094 0.78124844
5 0.89323437 0.25184219 0.89323437 0.40459062 1.00000000 0.40459062 1.00000000 0.25184219 0.89323437 0.25184219
4 0.20486562 0.48904219 0.30408125 0.48904219 0.30408125 0.38725938 0.20486562 0.38725938 0.20486562 0.48904219
4 0.27344062 0.29566719 0.39480313 0.29566719 0.39480313 0.21875000 0.27344062 0.21875000 0.27344062 0.29566719
3 0.40191406 0.41879687 0.57151250 0.41879687 0.57151250 0.23882344 0.40191406 0.23882344 0.40191406 0.41879687
3 0.41146406 0.51587812 0.59912500 0.51587812 0.59912500 0.41850781 0.41146406 0.41850781 0.41146406 0.51587812
3 0.39844062 0.68557500 0.55573594 0.68557500 0.55573594 0.51833594 0.39844062 0.51833594 0.39844062 0.68557500
3 0.71094219 0.55849844 0.82237969 0.55849844 0.82237969 0.38291719 0.71094219 0.38291719 0.71094219 0.55849844
3 0.79948438 0.54744844 0.95254688 0.54744844 0.95254688 0.37684219 0.79948438 0.37684219 0.79948438 0.54744844
3 0.87573281 0.66189375 0.98567812 0.66189375 0.98567812 0.41937656 0.87573281 0.41937656 0.87573281 0.66189375
3 0.64251406 0.56173750 0.50955312 0.56173750 0.50955312 0.78125000 0.64251406 0.78125000 0.64251406 0.56173750
3 0.70167969 0.63868281 0.58398125 0.63868281 0.58398125 0.78125000 0.70167969 0.78125000 0.70167969 0.63868281
3 0.13542187 0.36749375 0.27173906 0.36749375 0.27173906 0.22145938 0.13542187 0.22145938 0.13542187 0.36749375
5 0.56597656 0.43694844 0.75059062 0.43694844 0.75059062 0.34693125 0.56597656 0.34693125 0.56597656 0.43694844
