10 0.47204844 0.31774219 0.36184219 0.31774219 0.36184219 0.44155938 0.47204844 0.44155938 0.47204844 0.31774219
10 0.56730313 0.24889844 0.37691562 0.24889844 0.37691562 0.33982031 0.56730313 0.33982031 0.56730313 0.24889844
10 0.33338594 0.22007500 0.24295625 0.22007500 0.24295625 0.30463281 0.33338594 0.30463281 0.33338594 0.22007500
9 0.22860781 0.33160625 0.14553281 0.33160625 0.14553281 0.48201250 0.22860781 0.48201250 0.22860781 0.33160625
9 0.33037344 0.29905156 0.22077188 0.29905156 0.22077188 0.46756250 0.33037344 0.46756250 0.33037344 0.29905156
11 0.21221094 0.49026719 0.13214844 0.49026719 0.13214844 0.55864531 0.21221094 0.55864531 0.21221094 0.49026719
9 0.33616250 0.41738281 0.31349375 0.43425313 0.29082500 0.45787188 0.25899375 0.48534688 0.24356094 0.50221719 0.21558750 0.52776406 0.21944531 0.54704375 0.25272344 0.54415156 0.28262656 0.53692187 0.32362188 0.52920937 0.37136875 0.50848281 0.39548437 0.48341875 0.41574063 0.45739063 0.42394063 0.42702344 0.38873125 0.40870625 0.36172344 0.38749844 0.36075937 0.38749844 0.35111250 0.40002969 0.33616250 0.41738281
11 0.18616719 0.55793125 0.12419062 0.55793125 0.12419062 0.62339687 0.18616719 0.62339687 0.18616719 0.55793125
10 0.70716875 0.46062188 0.62855469 0.46062188 0.62855469 0.57191406 0.70716875 0.57191406 0.70716875 0.46062188
10 0.34605000 0.58446562 0.19991406 0.58446562 0.19991406 0.66627344 0.34605000 0.66627344 0.34605000 0.58446562
9 0.42466250 0.66379219 0.23029531 0.66379219 0.23029531 0.77873906 0.42466250 0.77873906 0.42466250 0.66379219
9 0.37812187 0.65988906 0.41525781 0.65024844 0.46348750 0.64012656 0.49194375 0.63096875 0.52281094 0.61120625 0.54451406 0.59337187 0.56911094 0.58710625 0.56477031 0.55818437 0.55608906 0.54083281 0.54451406 0.51576719 0.53052813 0.48732969 0.51750469 0.48925781 0.50834219 0.50901875 0.51847031 0.52830000 0.50882344 0.53890469 0.48277969 0.54179687 0.45384219 0.54661719 0.41911719 0.55191875 0.39451875 0.55914844 0.37426250 0.56830781 0.34194844 0.57987500 0.33519688 0.58517812 0.33133906 0.62711250 0.33857344 0.66326406 0.37812187 0.65988906
9 0.57574375 0.60061094 0.54101719 0.61362500 0.50966875 0.62278281 0.48410625 0.64061719 0.49423438 0.66134375 0.52751250 0.66520000 0.56223906 0.65845156 0.60178750 0.64784844 0.64471094 0.63917187 0.67750781 0.62422969 0.69390625 0.60784062 0.70933906 0.58518594 0.71946719 0.56494219 0.71657344 0.54276875 0.70644531 0.53505625 0.69631719 0.54662500 0.66400313 0.56590625 0.61818594 0.58277656 0.57574375 0.60061094
11 0.48700000 0.63627813 0.40452656 0.63627813 0.40452656 0.68790312 0.48700000 0.68790312 0.48700000 0.63627813
11 0.64145469 0.52573281 0.56947187 0.52573281 0.56947187 0.58181406 0.64145469 0.58181406 0.64145469 0.52573281
9 0.97544687 0.35572188 0.75841250 0.35572188 0.75841250 0.51854375 0.97544687 0.51854375 0.97544687 0.35572188
9 0.86849687 0.26159375 0.57417500 0.26159375 0.57417500 0.36487500 0.86849687 0.36487500 0.86849687 0.26159375
