9 0.23567969 0.43464844 0.06771563 0.43464844 0.06771563 0.62574219 0.23567969 0.62574219 0.23567969 0.43464844
11 0.28095938 0.36095469 0.19146719 0.36095469 0.19146719 0.43252969 0.28095938 0.43252969 0.28095938 0.36095469
11 0.43245781 0.28500938 0.35385469 0.28500938 0.35385469 0.37135469 0.43245781 0.37135469 0.43245781 0.28500938
9 0.37841719 0.34701406 0.26940625 0.34701406 0.26940625 0.47061563 0.37841719 0.47061563 0.37841719 0.34701406
9 0.58223125 0.30784531 0.50442500 0.30784531 0.50442500 0.46052969 0.58223125 0.46052969 0.58223125 0.30784531
11 0.54970156 0.45721875 0.47149531 0.45721875 0.47149531 0.52475469 0.54970156 0.52475469 0.54970156 0.45721875
10 0.69668750 0.23920000 0.59471406 0.23920000 0.59471406 0.43717500 0.69668750 0.43717500 0.69668750 0.23920000
10 0.87553750 0.35697500 0.76852031 0.35697500 0.76852031 0.47013438 0.87553750 0.47013438 0.87553750 0.35697500
9 0.95732969 0.45921250 0.81724844 0.45921250 0.81724844 0.59222031 0.95732969 0.59222031 0.95732969 0.45921250
11 0.73625312 0.49572500 0.64782344 0.49572500 0.64782344 0.58281563 0.73625312 0.58281563 0.73625312 0.49572500
9 0.50601719 0.61784844 0.52885469 0.63377344 0.55063125 0.61413281 0.57134531 0.58600156 0.60799063 0.55892969 0.63667187 0.54990625 0.65950938 0.54194531 0.67862969 0.51646719 0.66163281 0.48674219 0.63720156 0.48939531 0.61861250 0.49151875 0.60480469 0.47134844 0.58090469 0.48302656 0.55010000 0.51646719 0.53735312 0.53875937 0.52248125 0.54884531 0.49539531 0.57060781 0.48849063 0.58387813 0.50601719 0.61784844
10 0.53151250 0.58999844 0.42290000 0.58999844 0.42290000 0.68526094 0.53151250 0.68526094 0.53151250 0.58999844
10 0.40430781 0.52294531 0.24457656 0.52294531 0.24457656 0.67039844 0.40430781 0.67039844 0.40430781 0.52294531
