10 0.29218906 0.40754375 0.14244688 0.40754375 0.14244688 0.55079375 0.29218906 0.55079375 0.29218906 0.40754375
9 0.28713594 0.27502656 0.15016562 0.27502656 0.15016562 0.40935469 0.28713594 0.40935469 0.28713594 0.27502656
9 0.48838437 0.23853750 0.33597500 0.23853750 0.33597500 0.52895156 0.48838437 0.52895156 0.48838437 0.23853750
10 0.73159531 0.21875156 0.51715469 0.21875156 0.51715469 0.32274375 0.73159531 0.32274375 0.73159531 0.21875156
10 0.60809531 0.42519063 0.48627969 0.42519063 0.48627969 0.53394844 0.60809531 0.53394844 0.60809531 0.42519063
9 0.69889687 0.50307969 0.60206094 0.50307969 0.60206094 0.71548281 0.69889687 0.71548281 0.69889687 0.50307969
9 0.50578750 0.67078750 0.40979531 0.67078750 0.40979531 0.77327969 0.50578750 0.77327969 0.50578750 0.67078750
10 0.48501563 0.57395000 0.40839063 0.57395000 0.40839063 0.68575781 0.48501563 0.68575781 0.48501563 0.57395000
10 0.36993750 0.66517187 0.23577031 0.66517187 0.23577031 0.76598438 0.36993750 0.76598438 0.36993750 0.66517187
9 0.93115781 0.33817969 0.77860781 0.33817969 0.77860781 0.50638750 0.93115781 0.50638750 0.93115781 0.33817969
11 0.93747344 0.22310000 0.87516250 0.22310000 0.87516250 0.31115000 0.93747344 0.31115000 0.93747344 0.22310000
