7 0.39458437 0.71870781 0.49259687 0.71870781 0.49259687 0.58101563 0.39458437 0.58101563 0.39458437 0.71870781
7 0.56826562 0.57391875 0.69353594 0.57391875 0.69353594 0.46690938 0.56826562 0.46690938 0.56826562 0.57391875
7 0.88405156 0.45065938 0.98638594 0.45065938 0.98638594 0.34178906 0.88405156 0.34178906 0.88405156 0.45065938
6 0.70098437 0.37898281 0.92382344 0.37898281 0.92382344 0.21875156 0.70098437 0.21875156 0.70098437 0.37898281
6 0.55783906 0.36740156 0.73971406 0.36740156 0.73971406 0.22187813 0.55783906 0.22187813 0.55783906 0.36740156
8 0.74328906 0.45017031 0.83027813 0.45017031 0.83027813 0.34700156 0.74328906 0.34700156 0.74328906 0.45017031
7 0.30759375 0.42322188 0.40352031 0.42322188 0.40352031 0.30976250 0.30759375 0.30976250 0.30759375 0.42322188
6 0.29493125 0.21875000 0.29493125 0.32316719 0.40709531 0.32316719 0.40709531 0.21875000 0.29493125 0.21875000
6 0.44388594 0.48858125 0.61518594 0.48858125 0.61518594 0.27401250 0.44388594 0.27401250 0.44388594 0.48858125
6 0.38430625 0.58747656 0.49304375 0.58747656 0.49304375 0.36963750 0.38430625 0.36963750 0.38430625 0.58747656
