4 0.87917969 0.30392500 0.75434687 0.30392500 0.75434687 0.40774531 0.87917969 0.40774531 0.87917969 0.30392500
4 0.75059062 0.23013906 0.60764375 0.23013906 0.60764375 0.32329219 0.75059062 0.32329219 0.75059062 0.23013906
4 0.39953750 0.29958594 0.26302500 0.29958594 0.26302500 0.38722656 0.39953750 0.38722656 0.39953750 0.29958594
4 0.33800625 0.60514219 0.22483281 0.60514219 0.22483281 0.73135312 0.33800625 0.73135312 0.33800625 0.60514219
4 0.24018437 0.35166875 0.12413750 0.35166875 0.12413750 0.47010156 0.24018437 0.47010156 0.24018437 0.35166875
3 0.59518281 0.54958594 0.41927656 0.54958594 0.41927656 0.73687812 0.59518281 0.73687812 0.59518281 0.54958594
3 0.73639063 0.56781562 0.52257344 0.56781562 0.52257344 0.75582031 0.73639063 0.75582031 0.73639063 0.56781562
3 0.82947969 0.50878594 0.62413594 0.50878594 0.62413594 0.71872344 0.82947969 0.71872344 0.82947969 0.50878594
3 0.19127188 0.47493281 0.07552500 0.47493281 0.07552500 0.62795625 0.19127188 0.62795625 0.19127188 0.47493281
3 0.08398438 0.46277969 0.00260937 0.46277969 0.00260937 0.68873125 0.08398438 0.68873125 0.08398438 0.46277969
3 0.39243906 0.40027969 0.21701875 0.40027969 0.21701875 0.53403281 0.39243906 0.53403281 0.39243906 0.40027969
3 0.58098125 0.22146094 0.38715938 0.22146094 0.38715938 0.32171563 0.58098125 0.32171563 0.58098125 0.22146094
3 0.63383750 0.27716875 0.48872031 0.27716875 0.48872031 0.39353906 0.63383750 0.39353906 0.63383750 0.27716875
5 0.58019219 0.29871875 0.41667188 0.29871875 0.41667188 0.42747969 0.58019219 0.42747969 0.58019219 0.29871875
5 0.01649844 0.78125000 0.13526094 0.78125000 0.13526094 0.60253594 0.01649844 0.60253594 0.01649844 0.78125000
5 0.09502812 0.33864844 0.01128906 0.33864844 0.01128906 0.47641406 0.09502812 0.47641406 0.09502812 0.33864844
5 0.61016875 0.48274531 0.46441406 0.48274531 0.46441406 0.62085313 0.61016875 0.62085313 0.61016875 0.48274531
